{
  "polygons" : "true",
  "field" : "golden",
  "symmetry" : "icosahedral",
  "orientations" : [ [ 1.0, 0.0, 0.0, 0.0, 0.0, 1.0, 0.0, 0.0, 0.0, 0.0, 1.0, 0.0, 0.0, 0.0, 0.0, 1.0 ], [ 0.0, 0.0, 1.0, 0.0, 1.0, 0.0, 0.0, 0.0, 0.0, 1.0, 0.0, 0.0, 0.0, 0.0, 0.0, 1.0 ], [ 0.0, 1.0, 0.0, 0.0, 0.0, 0.0, 1.0, 0.0, 1.0, 0.0, 0.0, 0.0, 0.0, 0.0, 0.0, 1.0 ], [ 0.809017, 0.309017, 0.5, 0.0, 0.309017, 0.5, -0.809017, 0.0, -0.5, 0.809017, 0.309017, 0.0, 0.0, 0.0, 0.0, 1.0 ], [ -0.5, 0.809017, 0.309017, 0.0, 0.809017, 0.309017, 0.5, 0.0, 0.309017, 0.5, -0.809017, 0.0, 0.0, 0.0, 0.0, 1.0 ], [ 0.309017, 0.5, -0.809017, 0.0, -0.5, 0.809017, 0.309017, 0.0, 0.809017, 0.309017, 0.5, 0.0, 0.0, 0.0, 0.0, 1.0 ], [ 0.5, 0.809017, 0.309017, 0.0, 0.809017, -0.309017, -0.5, 0.0, -0.309017, 0.5, -0.809017, 0.0, 0.0, 0.0, 0.0, 1.0 ], [ -0.309017, 0.5, -0.809017, 0.0, 0.5, 0.809017, 0.309017, 0.0, 0.809017, -0.309017, -0.5, 0.0, 0.0, 0.0, 0.0, 1.0 ], [ 0.809017, -0.309017, -0.5, 0.0, -0.309017, 0.5, -0.809017, 0.0, 0.5, 0.809017, 0.309017, 0.0, 0.0, 0.0, 0.0, 1.0 ], [ 0.5, 0.809017, -0.309017, 0.0, 0.809017, -0.309017, 0.5, 0.0, 0.309017, -0.5, -0.809017, 0.0, 0.0, 0.0, 0.0, 1.0 ], [ 0.309017, -0.5, -0.809017, 0.0, 0.5, 0.809017, -0.309017, 0.0, 0.809017, -0.309017, 0.5, 0.0, 0.0, 0.0, 0.0, 1.0 ], [ 0.809017, -0.309017, 0.5, 0.0, 0.309017, -0.5, -0.809017, 0.0, 0.5, 0.809017, -0.309017, 0.0, 0.0, 0.0, 0.0, 1.0 ], [ 0.809017, 0.309017, -0.5, 0.0, 0.309017, 0.5, 0.809017, 0.0, 0.5, -0.809017, 0.309017, 0.0, 0.0, 0.0, 0.0, 1.0 ], [ 0.5, -0.809017, 0.309017, 0.0, 0.809017, 0.309017, -0.5, 0.0, 0.309017, 0.5, 0.809017, 0.0, 0.0, 0.0, 0.0, 1.0 ], [ 0.309017, 0.5, 0.809017, 0.0, 0.5, -0.809017, 0.309017, 0.0, 0.809017, 0.309017, -0.5, 0.0, 0.0, 0.0, 0.0, 1.0 ], [ 1.0, 0.0, 0.0, 0.0, 0.0, -1.0, 0.0, 0.0, 0.0, 0.0, -1.0, 0.0, 0.0, 0.0, 0.0, 1.0 ], [ 0.0, 0.0, 1.0, 0.0, -1.0, 0.0, 0.0, 0.0, 0.0, -1.0, 0.0, 0.0, 0.0, 0.0, 0.0, 1.0 ], [ 0.0, 1.0, 0.0, 0.0, 0.0, 0.0, -1.0, 0.0, -1.0, 0.0, 0.0, 0.0, 0.0, 0.0, 0.0, 1.0 ], [ 0.809017, 0.309017, 0.5, 0.0, -0.309017, -0.5, 0.809017, 0.0, 0.5, -0.809017, -0.309017, 0.0, 0.0, 0.0, 0.0, 1.0 ], [ -0.5, 0.809017, 0.309017, 0.0, -0.809017, -0.309017, -0.5, 0.0, -0.309017, -0.5, 0.809017, 0.0, 0.0, 0.0, 0.0, 1.0 ], [ 0.309017, 0.5, -0.809017, 0.0, 0.5, -0.809017, -0.309017, 0.0, -0.809017, -0.309017, -0.5, 0.0, 0.0, 0.0, 0.0, 1.0 ], [ 0.5, 0.809017, 0.309017, 0.0, -0.809017, 0.309017, 0.5, 0.0, 0.309017, -0.5, 0.809017, 0.0, 0.0, 0.0, 0.0, 1.0 ], [ -0.309017, 0.5, -0.809017, 0.0, -0.5, -0.809017, -0.309017, 0.0, -0.809017, 0.309017, 0.5, 0.0, 0.0, 0.0, 0.0, 1.0 ], [ 0.809017, -0.309017, -0.5, 0.0, 0.309017, -0.5, 0.809017, 0.0, -0.5, -0.809017, -0.309017, 0.0, 0.0, 0.0, 0.0, 1.0 ], [ 0.5, 0.809017, -0.309017, 0.0, -0.809017, 0.309017, -0.5, 0.0, -0.309017, 0.5, 0.809017, 0.0, 0.0, 0.0, 0.0, 1.0 ], [ 0.309017, -0.5, -0.809017, 0.0, -0.5, -0.809017, 0.309017, 0.0, -0.809017, 0.309017, -0.5, 0.0, 0.0, 0.0, 0.0, 1.0 ], [ 0.809017, -0.309017, 0.5, 0.0, -0.309017, 0.5, 0.809017, 0.0, -0.5, -0.809017, 0.309017, 0.0, 0.0, 0.0, 0.0, 1.0 ], [ 0.809017, 0.309017, -0.5, 0.0, -0.309017, -0.5, -0.809017, 0.0, -0.5, 0.809017, -0.309017, 0.0, 0.0, 0.0, 0.0, 1.0 ], [ 0.5, -0.809017, 0.309017, 0.0, -0.809017, -0.309017, 0.5, 0.0, -0.309017, -0.5, -0.809017, 0.0, 0.0, 0.0, 0.0, 1.0 ], [ 0.309017, 0.5, 0.809017, 0.0, -0.5, 0.809017, -0.309017, 0.0, -0.809017, -0.309017, 0.5, 0.0, 0.0, 0.0, 0.0, 1.0 ], [ -1.0, 0.0, 0.0, 0.0, 0.0, -1.0, 0.0, 0.0, 0.0, 0.0, 1.0, 0.0, 0.0, 0.0, 0.0, 1.0 ], [ 0.0, 0.0, -1.0, 0.0, -1.0, 0.0, 0.0, 0.0, 0.0, 1.0, 0.0, 0.0, 0.0, 0.0, 0.0, 1.0 ], [ 0.0, -1.0, 0.0, 0.0, 0.0, 0.0, -1.0, 0.0, 1.0, 0.0, 0.0, 0.0, 0.0, 0.0, 0.0, 1.0 ], [ -0.809017, -0.309017, -0.5, 0.0, -0.309017, -0.5, 0.809017, 0.0, -0.5, 0.809017, 0.309017, 0.0, 0.0, 0.0, 0.0, 1.0 ], [ 0.5, -0.809017, -0.309017, 0.0, -0.809017, -0.309017, -0.5, 0.0, 0.309017, 0.5, -0.809017, 0.0, 0.0, 0.0, 0.0, 1.0 ], [ -0.309017, -0.5, 0.809017, 0.0, 0.5, -0.809017, -0.309017, 0.0, 0.809017, 0.309017, 0.5, 0.0, 0.0, 0.0, 0.0, 1.0 ], [ -0.5, -0.809017, -0.309017, 0.0, -0.809017, 0.309017, 0.5, 0.0, -0.309017, 0.5, -0.809017, 0.0, 0.0, 0.0, 0.0, 1.0 ], [ 0.309017, -0.5, 0.809017, 0.0, -0.5, -0.809017, -0.309017, 0.0, 0.809017, -0.309017, -0.5, 0.0, 0.0, 0.0, 0.0, 1.0 ], [ -0.809017, 0.309017, 0.5, 0.0, 0.309017, -0.5, 0.809017, 0.0, 0.5, 0.809017, 0.309017, 0.0, 0.0, 0.0, 0.0, 1.0 ], [ -0.5, -0.809017, 0.309017, 0.0, -0.809017, 0.309017, -0.5, 0.0, 0.309017, -0.5, -0.809017, 0.0, 0.0, 0.0, 0.0, 1.0 ], [ -0.309017, 0.5, 0.809017, 0.0, -0.5, -0.809017, 0.309017, 0.0, 0.809017, -0.309017, 0.5, 0.0, 0.0, 0.0, 0.0, 1.0 ], [ -0.809017, 0.309017, -0.5, 0.0, -0.309017, 0.5, 0.809017, 0.0, 0.5, 0.809017, -0.309017, 0.0, 0.0, 0.0, 0.0, 1.0 ], [ -0.809017, -0.309017, 0.5, 0.0, -0.309017, -0.5, -0.809017, 0.0, 0.5, -0.809017, 0.309017, 0.0, 0.0, 0.0, 0.0, 1.0 ], [ -0.5, 0.809017, -0.309017, 0.0, -0.809017, -0.309017, 0.5, 0.0, 0.309017, 0.5, 0.809017, 0.0, 0.0, 0.0, 0.0, 1.0 ], [ -0.309017, -0.5, -0.809017, 0.0, -0.5, 0.809017, -0.309017, 0.0, 0.809017, 0.309017, -0.5, 0.0, 0.0, 0.0, 0.0, 1.0 ], [ -1.0, 0.0, 0.0, 0.0, 0.0, 1.0, 0.0, 0.0, 0.0, 0.0, -1.0, 0.0, 0.0, 0.0, 0.0, 1.0 ], [ 0.0, 0.0, -1.0, 0.0, 1.0, 0.0, 0.0, 0.0, 0.0, -1.0, 0.0, 0.0, 0.0, 0.0, 0.0, 1.0 ], [ 0.0, -1.0, 0.0, 0.0, 0.0, 0.0, 1.0, 0.0, -1.0, 0.0, 0.0, 0.0, 0.0, 0.0, 0.0, 1.0 ], [ -0.809017, -0.309017, -0.5, 0.0, 0.309017, 0.5, -0.809017, 0.0, 0.5, -0.809017, -0.309017, 0.0, 0.0, 0.0, 0.0, 1.0 ], [ 0.5, -0.809017, -0.309017, 0.0, 0.809017, 0.309017, 0.5, 0.0, -0.309017, -0.5, 0.809017, 0.0, 0.0, 0.0, 0.0, 1.0 ], [ -0.309017, -0.5, 0.809017, 0.0, -0.5, 0.809017, 0.309017, 0.0, -0.809017, -0.309017, -0.5, 0.0, 0.0, 0.0, 0.0, 1.0 ], [ -0.5, -0.809017, -0.309017, 0.0, 0.809017, -0.309017, -0.5, 0.0, 0.309017, -0.5, 0.809017, 0.0, 0.0, 0.0, 0.0, 1.0 ], [ 0.309017, -0.5, 0.809017, 0.0, 0.5, 0.809017, 0.309017, 0.0, -0.809017, 0.309017, 0.5, 0.0, 0.0, 0.0, 0.0, 1.0 ], [ -0.809017, 0.309017, 0.5, 0.0, -0.309017, 0.5, -0.809017, 0.0, -0.5, -0.809017, -0.309017, 0.0, 0.0, 0.0, 0.0, 1.0 ], [ -0.5, -0.809017, 0.309017, 0.0, 0.809017, -0.309017, 0.5, 0.0, -0.309017, 0.5, 0.809017, 0.0, 0.0, 0.0, 0.0, 1.0 ], [ -0.309017, 0.5, 0.809017, 0.0, 0.5, 0.809017, -0.309017, 0.0, -0.809017, 0.309017, -0.5, 0.0, 0.0, 0.0, 0.0, 1.0 ], [ -0.809017, 0.309017, -0.5, 0.0, 0.309017, -0.5, -0.809017, 0.0, -0.5, -0.809017, 0.309017, 0.0, 0.0, 0.0, 0.0, 1.0 ], [ -0.809017, -0.309017, 0.5, 0.0, 0.309017, 0.5, 0.809017, 0.0, -0.5, 0.809017, -0.309017, 0.0, 0.0, 0.0, 0.0, 1.0 ], [ -0.5, 0.809017, -0.309017, 0.0, 0.809017, 0.309017, -0.5, 0.0, -0.309017, -0.5, -0.809017, 0.0, 0.0, 0.0, 0.0, 1.0 ], [ -0.309017, -0.5, -0.809017, 0.0, 0.5, -0.809017, 0.309017, 0.0, -0.809017, -0.309017, 0.5, 0.0, 0.0, 0.0, 0.0, 1.0 ] ],
  "lights" : {
    "directionalLights" : [ {
      "direction" : [ 1.0, -1.0, -1.0 ],
      "color" : "#EBEBE4"
    }, {
      "direction" : [ -1.0, 0.0, 0.0 ],
      "color" : "#E4E4EB"
    }, {
      "direction" : [ 0.0, 0.0, -1.0 ],
      "color" : "#1E1E1E"
    } ],
    "ambientColor" : "#292929",
    "backgroundColor" : "#333333"
  },
  "camera" : {
    "position" : {
      "x" : 0.0,
      "y" : 18.510933,
      "z" : 48.462246
    },
    "width" : 23.344727,
    "stereo" : false,
    "viewDistance" : 51.8772,
    "nearClipDistance" : 0.12969308,
    "farClipDistance" : 103.75426,
    "lookAtPoint" : {
      "x" : 0.0,
      "y" : 0.0,
      "z" : 0.0
    },
    "fieldOfView" : 0.44262862,
    "perspective" : false,
    "lookDirection" : {
      "x" : 0.0,
      "y" : -0.3568221,
      "z" : -0.93417233
    },
    "upDirection" : {
      "x" : 0.99999994,
      "y" : 0.0,
      "z" : 0.0
    }
  },
  "embedding" : [ 1.0, 0.0, 0.0, 0.0, 0.0, 1.0, 0.0, 0.0, 0.0, 0.0, 1.0, 0.0, 0.0, 0.0, 0.0, 1.0 ],
  "shapes" : [ {
    "id" : "854b8c01-e9e8-412e-a970-47f762628e92",
    "name" : "ball",
    "vertices" : [ {
      "x" : 0.309017,
      "y" : -0.809017,
      "z" : 0.618034
    }, {
      "x" : 0.809017,
      "y" : -0.618034,
      "z" : 0.309017
    }, {
      "x" : 0.618034,
      "y" : -0.309017,
      "z" : 0.809017
    }, {
      "x" : 1.0,
      "y" : 0.309017,
      "z" : 0.19098301
    }, {
      "x" : 0.809017,
      "y" : 0.618034,
      "z" : 0.309017
    }, {
      "x" : 0.618034,
      "y" : 0.309017,
      "z" : 0.809017
    }, {
      "x" : 0.809017,
      "y" : 0.0,
      "z" : 0.690983
    }, {
      "x" : 0.19098301,
      "y" : -1.0,
      "z" : 0.309017
    }, {
      "x" : -0.19098301,
      "y" : -1.0,
      "z" : 0.309017
    }, {
      "x" : -0.19098301,
      "y" : -1.0,
      "z" : -0.309017
    }, {
      "x" : 0.19098301,
      "y" : -1.0,
      "z" : -0.309017
    }, {
      "x" : 1.0,
      "y" : -0.309017,
      "z" : -0.19098301
    }, {
      "x" : 0.809017,
      "y" : -0.618034,
      "z" : -0.309017
    }, {
      "x" : 0.618034,
      "y" : -0.309017,
      "z" : -0.809017
    }, {
      "x" : 0.809017,
      "y" : 0.0,
      "z" : -0.690983
    }, {
      "x" : 0.0,
      "y" : 0.690983,
      "z" : -0.809017
    }, {
      "x" : 0.309017,
      "y" : 0.809017,
      "z" : -0.618034
    }, {
      "x" : 0.618034,
      "y" : 0.309017,
      "z" : -0.809017
    }, {
      "x" : 0.309017,
      "y" : 0.19098301,
      "z" : -1.0
    }, {
      "x" : 1.0,
      "y" : 0.309017,
      "z" : -0.19098301
    }, {
      "x" : -0.309017,
      "y" : -0.809017,
      "z" : 0.618034
    }, {
      "x" : 0.0,
      "y" : -0.690983,
      "z" : 0.809017
    }, {
      "x" : 0.809017,
      "y" : 0.618034,
      "z" : -0.309017
    }, {
      "x" : 0.690983,
      "y" : 0.809017,
      "z" : 0.0
    }, {
      "x" : -0.690983,
      "y" : 0.809017,
      "z" : 0.0
    }, {
      "x" : -0.809017,
      "y" : 0.618034,
      "z" : 0.309017
    }, {
      "x" : -0.309017,
      "y" : 0.809017,
      "z" : 0.618034
    }, {
      "x" : -0.19098301,
      "y" : 1.0,
      "z" : 0.309017
    }, {
      "x" : 0.309017,
      "y" : -0.19098301,
      "z" : -1.0
    }, {
      "x" : 0.19098301,
      "y" : 1.0,
      "z" : 0.309017
    }, {
      "x" : 0.309017,
      "y" : 0.809017,
      "z" : 0.618034
    }, {
      "x" : -0.809017,
      "y" : -0.618034,
      "z" : 0.309017
    }, {
      "x" : -0.690983,
      "y" : -0.809017,
      "z" : 0.0
    }, {
      "x" : 0.0,
      "y" : 0.690983,
      "z" : 0.809017
    }, {
      "x" : 0.309017,
      "y" : -0.809017,
      "z" : -0.618034
    }, {
      "x" : 0.0,
      "y" : -0.690983,
      "z" : -0.809017
    }, {
      "x" : -1.0,
      "y" : 0.309017,
      "z" : 0.19098301
    }, {
      "x" : -0.809017,
      "y" : 0.0,
      "z" : 0.690983
    }, {
      "x" : -0.618034,
      "y" : 0.309017,
      "z" : 0.809017
    }, {
      "x" : 1.0,
      "y" : -0.309017,
      "z" : 0.19098301
    }, {
      "x" : -0.309017,
      "y" : -0.809017,
      "z" : -0.618034
    }, {
      "x" : -1.0,
      "y" : 0.309017,
      "z" : -0.19098301
    }, {
      "x" : -1.0,
      "y" : -0.309017,
      "z" : -0.19098301
    }, {
      "x" : -1.0,
      "y" : -0.309017,
      "z" : 0.19098301
    }, {
      "x" : 0.19098301,
      "y" : 1.0,
      "z" : -0.309017
    }, {
      "x" : -0.809017,
      "y" : 0.618034,
      "z" : -0.309017
    }, {
      "x" : -0.19098301,
      "y" : 1.0,
      "z" : -0.309017
    }, {
      "x" : -0.309017,
      "y" : 0.809017,
      "z" : -0.618034
    }, {
      "x" : -0.618034,
      "y" : -0.309017,
      "z" : 0.809017
    }, {
      "x" : 0.309017,
      "y" : 0.19098301,
      "z" : 1.0
    }, {
      "x" : -0.309017,
      "y" : 0.19098301,
      "z" : -1.0
    }, {
      "x" : -0.309017,
      "y" : 0.19098301,
      "z" : 1.0
    }, {
      "x" : -0.309017,
      "y" : -0.19098301,
      "z" : 1.0
    }, {
      "x" : 0.309017,
      "y" : -0.19098301,
      "z" : 1.0
    }, {
      "x" : 0.690983,
      "y" : -0.809017,
      "z" : 0.0
    }, {
      "x" : -0.809017,
      "y" : 0.0,
      "z" : -0.690983
    }, {
      "x" : -0.618034,
      "y" : -0.309017,
      "z" : -0.809017
    }, {
      "x" : -0.309017,
      "y" : -0.19098301,
      "z" : -1.0
    }, {
      "x" : -0.618034,
      "y" : 0.309017,
      "z" : -0.809017
    }, {
      "x" : -0.809017,
      "y" : -0.618034,
      "z" : -0.309017
    } ],
    "faces" : [ {
      "vertices" : [ 9, 40, 35, 34, 10 ]
    }, {
      "vertices" : [ 0, 1, 2 ]
    }, {
      "vertices" : [ 33, 51, 49 ]
    }, {
      "vertices" : [ 25, 36, 37, 38 ]
    }, {
      "vertices" : [ 41, 55, 42 ]
    }, {
      "vertices" : [ 9, 32, 59, 40 ]
    }, {
      "vertices" : [ 20, 21, 52, 48 ]
    }, {
      "vertices" : [ 26, 33, 30, 29, 27 ]
    }, {
      "vertices" : [ 3, 4, 5, 6 ]
    }, {
      "vertices" : [ 27, 29, 44, 46 ]
    }, {
      "vertices" : [ 50, 57, 56, 55, 58 ]
    }, {
      "vertices" : [ 26, 38, 51, 33 ]
    }, {
      "vertices" : [ 45, 47, 58 ]
    }, {
      "vertices" : [ 18, 28, 57, 50 ]
    }, {
      "vertices" : [ 40, 59, 56 ]
    }, {
      "vertices" : [ 31, 48, 37, 43 ]
    }, {
      "vertices" : [ 7, 8, 9, 10 ]
    }, {
      "vertices" : [ 36, 41, 42, 43 ]
    }, {
      "vertices" : [ 24, 46, 47, 45 ]
    }, {
      "vertices" : [ 4, 30, 5 ]
    }, {
      "vertices" : [ 15, 47, 46, 44, 16 ]
    }, {
      "vertices" : [ 15, 50, 58, 47 ]
    }, {
      "vertices" : [ 24, 45, 41, 36, 25 ]
    }, {
      "vertices" : [ 11, 14, 19 ]
    }, {
      "vertices" : [ 3, 6, 39 ]
    }, {
      "vertices" : [ 1, 39, 6, 2 ]
    }, {
      "vertices" : [ 8, 32, 9 ]
    }, {
      "vertices" : [ 11, 12, 13, 14 ]
    }, {
      "vertices" : [ 16, 22, 17 ]
    }, {
      "vertices" : [ 0, 21, 20, 8, 7 ]
    }, {
      "vertices" : [ 12, 34, 13 ]
    }, {
      "vertices" : [ 35, 40, 56, 57 ]
    }, {
      "vertices" : [ 0, 7, 54, 1 ]
    }, {
      "vertices" : [ 15, 16, 17, 18 ]
    }, {
      "vertices" : [ 3, 19, 22, 23, 4 ]
    }, {
      "vertices" : [ 7, 10, 54 ]
    }, {
      "vertices" : [ 41, 45, 58, 55 ]
    }, {
      "vertices" : [ 3, 39, 11, 19 ]
    }, {
      "vertices" : [ 14, 17, 22, 19 ]
    }, {
      "vertices" : [ 0, 2, 53, 21 ]
    }, {
      "vertices" : [ 49, 51, 52, 53 ]
    }, {
      "vertices" : [ 31, 43, 42, 59, 32 ]
    }, {
      "vertices" : [ 15, 18, 50 ]
    }, {
      "vertices" : [ 42, 55, 56, 59 ]
    }, {
      "vertices" : [ 4, 23, 29, 30 ]
    }, {
      "vertices" : [ 25, 38, 26 ]
    }, {
      "vertices" : [ 13, 28, 18, 17, 14 ]
    }, {
      "vertices" : [ 8, 20, 31, 32 ]
    }, {
      "vertices" : [ 23, 44, 29 ]
    }, {
      "vertices" : [ 24, 27, 46 ]
    }, {
      "vertices" : [ 37, 48, 52, 51, 38 ]
    }, {
      "vertices" : [ 20, 48, 31 ]
    }, {
      "vertices" : [ 24, 25, 26, 27 ]
    }, {
      "vertices" : [ 16, 44, 23, 22 ]
    }, {
      "vertices" : [ 13, 34, 35, 28 ]
    }, {
      "vertices" : [ 10, 34, 12, 54 ]
    }, {
      "vertices" : [ 2, 6, 5, 49, 53 ]
    }, {
      "vertices" : [ 36, 43, 37 ]
    }, {
      "vertices" : [ 5, 30, 33, 49 ]
    }, {
      "vertices" : [ 1, 54, 12, 11, 39 ]
    }, {
      "vertices" : [ 28, 35, 57 ]
    }, {
      "vertices" : [ 21, 53, 52 ]
    } ]
  }, {
    "id" : "9a2c3a6a-d211-4695-ac6e-edde70a8f50c",
    "orbit" : "green",
    "orbitC" : "[[2,-1,1],[5,-3,1]]",
    "length" : "[-1,1,2]",
    "name" : " :-1/2 +1/2*phi",
    "vertices" : [ {
      "x" : 1.7135255,
      "y" : 0.4635255,
      "z" : -0.36803398
    }, {
      "x" : 2.736068,
      "y" : 0.5,
      "z" : -0.5
    }, {
      "x" : 1.7135255,
      "y" : 0.4635255,
      "z" : 0.013932022
    }, {
      "x" : 1.5225425,
      "y" : 0.7725425,
      "z" : -0.48606798
    }, {
      "x" : 1.5225425,
      "y" : 0.7725425,
      "z" : -0.10410196
    }, {
      "x" : 0.809017,
      "y" : 0.618034,
      "z" : 0.309017
    }, {
      "x" : 1.0,
      "y" : 0.309017,
      "z" : 0.19098301
    }, {
      "x" : 1.9045085,
      "y" : 0.5364745,
      "z" : -0.013932022
    }, {
      "x" : 2.427051,
      "y" : 1.0,
      "z" : -0.690983
    }, {
      "x" : 2.618034,
      "y" : 0.690983,
      "z" : -0.809017
    }, {
      "x" : 2.618034,
      "y" : 0.690983,
      "z" : -0.19098301
    }, {
      "x" : 2.427051,
      "y" : 1.0,
      "z" : -0.309017
    }, {
      "x" : 1.7135255,
      "y" : 0.8454915,
      "z" : -0.13196601
    }, {
      "x" : 0.690983,
      "y" : 0.809017,
      "z" : 0.0
    }, {
      "x" : 1.9045085,
      "y" : 0.5364745,
      "z" : -0.39589804
    }, {
      "x" : 1.7135255,
      "y" : 0.8454915,
      "z" : -0.51393205
    }, {
      "x" : 0.809017,
      "y" : 0.618034,
      "z" : -0.309017
    }, {
      "x" : 1.0,
      "y" : 0.309017,
      "z" : -0.19098301
    }, {
      "x" : 3.427051,
      "y" : 1.309017,
      "z" : -0.5
    } ],
    "faces" : [ {
      "vertices" : [ 0, 14, 15, 3 ]
    }, {
      "vertices" : [ 3, 15, 12, 4 ]
    }, {
      "vertices" : [ 0, 1, 2 ]
    }, {
      "vertices" : [ 12, 15, 13 ]
    }, {
      "vertices" : [ 0, 9, 1 ]
    }, {
      "vertices" : [ 0, 3, 9 ]
    }, {
      "vertices" : [ 13, 15, 16 ]
    }, {
      "vertices" : [ 6, 17, 14, 7 ]
    }, {
      "vertices" : [ 1, 10, 2 ]
    }, {
      "vertices" : [ 5, 6, 7 ]
    }, {
      "vertices" : [ 3, 8, 9 ]
    }, {
      "vertices" : [ 0, 2, 7, 14 ]
    }, {
      "vertices" : [ 5, 7, 12 ]
    }, {
      "vertices" : [ 2, 4, 12, 7 ]
    }, {
      "vertices" : [ 3, 4, 11, 8 ]
    }, {
      "vertices" : [ 2, 10, 11, 4 ]
    }, {
      "vertices" : [ 5, 12, 13 ]
    }, {
      "vertices" : [ 14, 17, 16, 15 ]
    } ]
  }, {
    "id" : "66b5806f-64c6-4e30-abed-e88a58931022",
    "orbit" : "red",
    "orbitC" : "[[-1,1,1],[0,0,1]]",
    "length" : "[2,-1,1]",
    "name" : " :2 -phi",
    "vertices" : [ {
      "x" : 0.5,
      "y" : 0.42705098,
      "z" : 0.309017
    }, {
      "x" : 2.118034,
      "y" : 1.190983,
      "z" : 0.309017
    }, {
      "x" : 1.927051,
      "y" : 1.5,
      "z" : 0.19098301
    }, {
      "x" : 0.809017,
      "y" : 0.618034,
      "z" : -0.309017
    }, {
      "x" : 0.690983,
      "y" : 0.809017,
      "z" : 0.0
    }, {
      "x" : 0.38196602,
      "y" : 0.618034,
      "z" : 0.0
    }, {
      "x" : 0.5,
      "y" : 0.42705098,
      "z" : -0.309017
    }, {
      "x" : 1.809017,
      "y" : 1.0,
      "z" : 0.309017
    }, {
      "x" : 0.690983,
      "y" : 0.11803399,
      "z" : 0.19098301
    }, {
      "x" : 0.690983,
      "y" : 0.11803399,
      "z" : -0.19098301
    }, {
      "x" : 2.236068,
      "y" : 1.0,
      "z" : 0.0
    }, {
      "x" : 2.118034,
      "y" : 1.190983,
      "z" : -0.309017
    }, {
      "x" : 1.927051,
      "y" : 0.809017,
      "z" : 0.0
    }, {
      "x" : 1.0,
      "y" : 0.309017,
      "z" : 0.19098301
    }, {
      "x" : 1.0,
      "y" : 0.309017,
      "z" : -0.19098301
    }, {
      "x" : 0.809017,
      "y" : 0.618034,
      "z" : 0.309017
    }, {
      "x" : 1.618034,
      "y" : 1.309017,
      "z" : 0.19098301
    }, {
      "x" : 1.809017,
      "y" : 1.0,
      "z" : -0.309017
    }, {
      "x" : 1.618034,
      "y" : 1.309017,
      "z" : -0.19098301
    }, {
      "x" : 2.618034,
      "y" : 1.618034,
      "z" : 0.0
    }, {
      "x" : 1.927051,
      "y" : 1.5,
      "z" : -0.19098301
    } ],
    "faces" : [ {
      "vertices" : [ 3, 6, 9, 14 ]
    }, {
      "vertices" : [ 11, 20, 18, 17 ]
    }, {
      "vertices" : [ 0, 1, 2 ]
    }, {
      "vertices" : [ 0, 15, 13, 8 ]
    }, {
      "vertices" : [ 6, 20, 11 ]
    }, {
      "vertices" : [ 0, 2, 5 ]
    }, {
      "vertices" : [ 0, 8, 1 ]
    }, {
      "vertices" : [ 8, 13, 14, 9 ]
    }, {
      "vertices" : [ 3, 4, 5, 6 ]
    }, {
      "vertices" : [ 10, 11, 17, 12 ]
    }, {
      "vertices" : [ 1, 8, 10 ]
    }, {
      "vertices" : [ 0, 5, 4, 15 ]
    }, {
      "vertices" : [ 2, 16, 18, 20 ]
    }, {
      "vertices" : [ 1, 7, 16, 2 ]
    }, {
      "vertices" : [ 6, 11, 9 ]
    }, {
      "vertices" : [ 8, 9, 10 ]
    }, {
      "vertices" : [ 2, 20, 5 ]
    }, {
      "vertices" : [ 9, 11, 10 ]
    }, {
      "vertices" : [ 1, 10, 12, 7 ]
    }, {
      "vertices" : [ 5, 20, 6 ]
    } ]
  }, {
    "id" : "e34c22b8-c934-4ae5-ba6c-5c050fdf5d09",
    "orbit" : "blue",
    "orbitC" : "[[0,0,1],[0,0,1]]",
    "length" : "[-1,1,1]",
    "name" : "b0",
    "vertices" : [ {
      "x" : 4.236068,
      "y" : 0.309017,
      "z" : 0.19098301
    }, {
      "x" : 4.236068,
      "y" : 0.309017,
      "z" : -0.19098301
    }, {
      "x" : 1.0,
      "y" : 0.309017,
      "z" : -0.19098301
    }, {
      "x" : 1.0,
      "y" : 0.309017,
      "z" : 0.19098301
    }, {
      "x" : 4.236068,
      "y" : -0.309017,
      "z" : 0.19098301
    }, {
      "x" : 1.0,
      "y" : -0.309017,
      "z" : 0.19098301
    }, {
      "x" : 1.0,
      "y" : -0.309017,
      "z" : -0.19098301
    }, {
      "x" : 4.236068,
      "y" : -0.309017,
      "z" : -0.19098301
    }, {
      "x" : 5.236068,
      "y" : 0.0,
      "z" : 0.0
    } ],
    "faces" : [ {
      "vertices" : [ 1, 7, 6, 2 ]
    }, {
      "vertices" : [ 0, 1, 2, 3 ]
    }, {
      "vertices" : [ 4, 5, 6, 7 ]
    }, {
      "vertices" : [ 0, 3, 5, 4 ]
    } ]
  }, {
    "id" : "718205e0-6943-49fd-8b46-d6cb5e823440",
    "orbit" : "yellow",
    "orbitC" : "[[0,0,1],[2,-1,1]]",
    "length" : "[-1,1,1]",
    "name" : "y0",
    "vertices" : [ {
      "x" : 0.809017,
      "y" : 0.0,
      "z" : -0.690983
    }, {
      "x" : 1.0,
      "y" : 0.309017,
      "z" : -0.19098301
    }, {
      "x" : 1.309017,
      "y" : 0.309017,
      "z" : -0.309017
    }, {
      "x" : 1.118034,
      "y" : 0.0,
      "z" : -0.809017
    }, {
      "x" : 3.236068,
      "y" : 0.309017,
      "z" : -1.427051
    }, {
      "x" : 1.0,
      "y" : -0.309017,
      "z" : -0.19098301
    }, {
      "x" : 1.309017,
      "y" : -0.309017,
      "z" : -0.309017
    }, {
      "x" : 2.927051,
      "y" : 0.309017,
      "z" : -1.309017
    }, {
      "x" : 3.118034,
      "y" : 0.0,
      "z" : -0.809017
    }, {
      "x" : 4.236068,
      "y" : 0.0,
      "z" : -1.618034
    }, {
      "x" : 2.927051,
      "y" : -0.309017,
      "z" : -1.309017
    }, {
      "x" : 3.427051,
      "y" : 0.0,
      "z" : -0.927051
    }, {
      "x" : 3.236068,
      "y" : -0.309017,
      "z" : -1.427051
    } ],
    "faces" : [ {
      "vertices" : [ 2, 6, 8 ]
    }, {
      "vertices" : [ 4, 12, 10, 7 ]
    }, {
      "vertices" : [ 2, 8, 7 ]
    }, {
      "vertices" : [ 3, 10, 6 ]
    }, {
      "vertices" : [ 3, 7, 10 ]
    }, {
      "vertices" : [ 0, 1, 2, 3 ]
    }, {
      "vertices" : [ 6, 10, 8 ]
    }, {
      "vertices" : [ 8, 10, 12, 11 ]
    }, {
      "vertices" : [ 2, 7, 3 ]
    }, {
      "vertices" : [ 0, 3, 6, 5 ]
    }, {
      "vertices" : [ 1, 5, 6, 2 ]
    }, {
      "vertices" : [ 4, 7, 8, 11 ]
    } ]
  } ],
  "instances" : [ {
    "shape" : "854b8c01-e9e8-412e-a970-47f762628e92",
    "color" : "#BE1E1A",
    "position" : {
      "x" : 2.618034,
      "y" : -2.618034,
      "z" : 2.618034
    }
  }, {
    "shape" : "854b8c01-e9e8-412e-a970-47f762628e92",
    "color" : "#BE1E1A",
    "position" : {
      "x" : 2.618034,
      "y" : 0.0,
      "z" : 4.236068
    }
  }, {
    "shape" : "9a2c3a6a-d211-4695-ac6e-edde70a8f50c",
    "color" : "#00CCCC",
    "position" : {
      "x" : 0.0,
      "y" : 2.618034,
      "z" : 0.0
    },
    "orientation" : 8
  }, {
    "shape" : "9a2c3a6a-d211-4695-ac6e-edde70a8f50c",
    "color" : "#00CCCC",
    "position" : {
      "x" : 2.618034,
      "y" : 0.0,
      "z" : 0.0
    },
    "orientation" : 37
  }, {
    "shape" : "9a2c3a6a-d211-4695-ac6e-edde70a8f50c",
    "color" : "#00FFFF",
    "position" : {
      "x" : 0.0,
      "y" : 0.0,
      "z" : 2.618034
    },
    "orientation" : 22
  }, {
    "shape" : "66b5806f-64c6-4e30-abed-e88a58931022",
    "color" : "#BE1E1A",
    "position" : {
      "x" : -2.618034,
      "y" : -2.618034,
      "z" : -2.618034
    },
    "orientation" : 15
  }, {
    "shape" : "66b5806f-64c6-4e30-abed-e88a58931022",
    "color" : "#BE1E1A",
    "position" : {
      "x" : -2.618034,
      "y" : 2.618034,
      "z" : 2.618034
    },
    "orientation" : 0
  }, {
    "shape" : "66b5806f-64c6-4e30-abed-e88a58931022",
    "color" : "#BE1E1A",
    "position" : {
      "x" : -2.618034,
      "y" : 2.618034,
      "z" : -2.618034
    },
    "orientation" : 0
  }, {
    "shape" : "66b5806f-64c6-4e30-abed-e88a58931022",
    "color" : "#BE1E1A",
    "position" : {
      "x" : 2.618034,
      "y" : -2.618034,
      "z" : -2.618034
    },
    "orientation" : 2
  }, {
    "shape" : "66b5806f-64c6-4e30-abed-e88a58931022",
    "color" : "#BE1E1A",
    "position" : {
      "x" : -2.618034,
      "y" : 2.618034,
      "z" : 2.618034
    },
    "orientation" : 47
  }, {
    "shape" : "854b8c01-e9e8-412e-a970-47f762628e92",
    "color" : "#00CCCC",
    "position" : {
      "x" : 0.0,
      "y" : 2.618034,
      "z" : 0.0
    }
  }, {
    "shape" : "9a2c3a6a-d211-4695-ac6e-edde70a8f50c",
    "color" : "#00CCCC",
    "position" : {
      "x" : 0.0,
      "y" : 0.0,
      "z" : 2.618034
    },
    "orientation" : 21
  }, {
    "shape" : "66b5806f-64c6-4e30-abed-e88a58931022",
    "color" : "#BE1E1A",
    "position" : {
      "x" : -1.618034,
      "y" : 4.236068,
      "z" : 0.0
    },
    "orientation" : 17
  }, {
    "shape" : "9a2c3a6a-d211-4695-ac6e-edde70a8f50c",
    "color" : "#00CCCC",
    "position" : {
      "x" : 0.0,
      "y" : 0.0,
      "z" : -2.618034
    },
    "orientation" : 51
  }, {
    "shape" : "854b8c01-e9e8-412e-a970-47f762628e92",
    "color" : "#00CCCC",
    "position" : {
      "x" : 0.0,
      "y" : 0.0,
      "z" : -2.618034
    }
  }, {
    "shape" : "854b8c01-e9e8-412e-a970-47f762628e92",
    "color" : "#BE1E1A",
    "position" : {
      "x" : 0.0,
      "y" : 1.618034,
      "z" : 4.236068
    }
  }, {
    "shape" : "854b8c01-e9e8-412e-a970-47f762628e92",
    "color" : "#BE1E1A",
    "position" : {
      "x" : 1.618034,
      "y" : 4.236068,
      "z" : 0.0
    }
  }, {
    "shape" : "854b8c01-e9e8-412e-a970-47f762628e92",
    "color" : "#00CCCC",
    "position" : {
      "x" : 2.618034,
      "y" : 0.0,
      "z" : 0.0
    }
  }, {
    "shape" : "66b5806f-64c6-4e30-abed-e88a58931022",
    "color" : "#BE1E1A",
    "position" : {
      "x" : -1.618034,
      "y" : 4.236068,
      "z" : 0.0
    },
    "orientation" : 30
  }, {
    "shape" : "9a2c3a6a-d211-4695-ac6e-edde70a8f50c",
    "color" : "#00FFFF",
    "position" : {
      "x" : 0.0,
      "y" : -2.618034,
      "z" : 0.0
    },
    "orientation" : 51
  }, {
    "shape" : "9a2c3a6a-d211-4695-ac6e-edde70a8f50c",
    "color" : "#00CCCC",
    "position" : {
      "x" : 0.0,
      "y" : 0.0,
      "z" : 2.618034
    },
    "orientation" : 36
  }, {
    "shape" : "66b5806f-64c6-4e30-abed-e88a58931022",
    "color" : "#BE1E1A",
    "position" : {
      "x" : 2.618034,
      "y" : 2.618034,
      "z" : -2.618034
    },
    "orientation" : 45
  }, {
    "shape" : "66b5806f-64c6-4e30-abed-e88a58931022",
    "color" : "#BE1E1A",
    "position" : {
      "x" : 0.0,
      "y" : -1.618034,
      "z" : -4.236068
    },
    "orientation" : 31
  }, {
    "shape" : "66b5806f-64c6-4e30-abed-e88a58931022",
    "color" : "#BE1E1A",
    "position" : {
      "x" : -2.618034,
      "y" : 2.618034,
      "z" : -2.618034
    },
    "orientation" : 32
  }, {
    "shape" : "66b5806f-64c6-4e30-abed-e88a58931022",
    "color" : "#BE1E1A",
    "position" : {
      "x" : 1.618034,
      "y" : 4.236068,
      "z" : 0.0
    },
    "orientation" : 15
  }, {
    "shape" : "9a2c3a6a-d211-4695-ac6e-edde70a8f50c",
    "color" : "#00CCCC",
    "position" : {
      "x" : 0.0,
      "y" : 0.0,
      "z" : 2.618034
    },
    "orientation" : 51
  }, {
    "shape" : "9a2c3a6a-d211-4695-ac6e-edde70a8f50c",
    "color" : "#00FFFF",
    "position" : {
      "x" : 0.0,
      "y" : 0.0,
      "z" : -2.618034
    },
    "orientation" : 7
  }, {
    "shape" : "66b5806f-64c6-4e30-abed-e88a58931022",
    "color" : "#BE1E1A",
    "position" : {
      "x" : 1.618034,
      "y" : -4.236068,
      "z" : 0.0
    },
    "orientation" : 47
  }, {
    "shape" : "9a2c3a6a-d211-4695-ac6e-edde70a8f50c",
    "color" : "#00CCCC",
    "position" : {
      "x" : 2.618034,
      "y" : 0.0,
      "z" : 0.0
    },
    "orientation" : 7
  }, {
    "shape" : "66b5806f-64c6-4e30-abed-e88a58931022",
    "color" : "#BE1E1A",
    "position" : {
      "x" : 4.236068,
      "y" : 0.0,
      "z" : 1.618034
    },
    "orientation" : 46
  }, {
    "shape" : "66b5806f-64c6-4e30-abed-e88a58931022",
    "color" : "#BE1E1A",
    "position" : {
      "x" : 0.0,
      "y" : 1.618034,
      "z" : -4.236068
    },
    "orientation" : 1
  }, {
    "shape" : "66b5806f-64c6-4e30-abed-e88a58931022",
    "color" : "#BE1E1A",
    "position" : {
      "x" : 2.618034,
      "y" : 0.0,
      "z" : 4.236068
    },
    "orientation" : 45
  }, {
    "shape" : "66b5806f-64c6-4e30-abed-e88a58931022",
    "color" : "#BE1E1A",
    "position" : {
      "x" : 2.618034,
      "y" : -2.618034,
      "z" : 2.618034
    },
    "orientation" : 30
  }, {
    "shape" : "854b8c01-e9e8-412e-a970-47f762628e92",
    "color" : "#BE1E1A",
    "position" : {
      "x" : 2.618034,
      "y" : 0.0,
      "z" : -4.236068
    }
  }, {
    "shape" : "854b8c01-e9e8-412e-a970-47f762628e92",
    "color" : "#BE1E1A",
    "position" : {
      "x" : 2.618034,
      "y" : 2.618034,
      "z" : -2.618034
    }
  }, {
    "shape" : "854b8c01-e9e8-412e-a970-47f762628e92",
    "color" : "#BE1E1A",
    "position" : {
      "x" : 1.618034,
      "y" : -4.236068,
      "z" : 0.0
    }
  }, {
    "shape" : "9a2c3a6a-d211-4695-ac6e-edde70a8f50c",
    "color" : "#00CCCC",
    "position" : {
      "x" : 0.0,
      "y" : 2.618034,
      "z" : 0.0
    },
    "orientation" : 38
  }, {
    "shape" : "854b8c01-e9e8-412e-a970-47f762628e92",
    "color" : "#BE1E1A",
    "position" : {
      "x" : -1.618034,
      "y" : 4.236068,
      "z" : 0.0
    }
  }, {
    "shape" : "66b5806f-64c6-4e30-abed-e88a58931022",
    "color" : "#BE1E1A",
    "position" : {
      "x" : 2.618034,
      "y" : -2.618034,
      "z" : -2.618034
    },
    "orientation" : 46
  }, {
    "shape" : "66b5806f-64c6-4e30-abed-e88a58931022",
    "color" : "#BE1E1A",
    "position" : {
      "x" : 2.618034,
      "y" : 2.618034,
      "z" : -2.618034
    },
    "orientation" : 2
  }, {
    "shape" : "854b8c01-e9e8-412e-a970-47f762628e92",
    "color" : "#BE1E1A",
    "position" : {
      "x" : 0.0,
      "y" : 4.236068,
      "z" : -2.618034
    }
  }, {
    "shape" : "854b8c01-e9e8-412e-a970-47f762628e92",
    "color" : "#BE1E1A",
    "position" : {
      "x" : 4.236068,
      "y" : 0.0,
      "z" : -1.618034
    }
  }, {
    "shape" : "66b5806f-64c6-4e30-abed-e88a58931022",
    "color" : "#BE1E1A",
    "position" : {
      "x" : 2.618034,
      "y" : -2.618034,
      "z" : 2.618034
    },
    "orientation" : 17
  }, {
    "shape" : "9a2c3a6a-d211-4695-ac6e-edde70a8f50c",
    "color" : "#00CCCC",
    "position" : {
      "x" : 0.0,
      "y" : 2.618034,
      "z" : 0.0
    },
    "orientation" : 53
  }, {
    "shape" : "e34c22b8-c934-4ae5-ba6c-5c050fdf5d09",
    "color" : "#FFFFFF",
    "position" : {
      "x" : 2.618034,
      "y" : -2.618034,
      "z" : 2.618034
    },
    "orientation" : 45
  }, {
    "shape" : "9a2c3a6a-d211-4695-ac6e-edde70a8f50c",
    "color" : "#00FFFF",
    "position" : {
      "x" : 0.0,
      "y" : -2.618034,
      "z" : 0.0
    },
    "orientation" : 6
  }, {
    "shape" : "854b8c01-e9e8-412e-a970-47f762628e92",
    "color" : "#BE1E1A",
    "position" : {
      "x" : 0.0,
      "y" : 1.618034,
      "z" : -4.236068
    }
  }, {
    "shape" : "e34c22b8-c934-4ae5-ba6c-5c050fdf5d09",
    "color" : "#FFFFFF",
    "position" : {
      "x" : 2.618034,
      "y" : -2.618034,
      "z" : 2.618034
    },
    "orientation" : 1
  }, {
    "shape" : "854b8c01-e9e8-412e-a970-47f762628e92",
    "color" : "#00CCCC",
    "position" : {
      "x" : 0.0,
      "y" : -2.618034,
      "z" : 0.0
    }
  }, {
    "shape" : "66b5806f-64c6-4e30-abed-e88a58931022",
    "color" : "#BE1E1A",
    "position" : {
      "x" : 0.0,
      "y" : -1.618034,
      "z" : 4.236068
    },
    "orientation" : 0
  }, {
    "shape" : "854b8c01-e9e8-412e-a970-47f762628e92",
    "color" : "#BE1E1A",
    "position" : {
      "x" : 2.618034,
      "y" : 2.618034,
      "z" : 2.618034
    }
  }, {
    "shape" : "9a2c3a6a-d211-4695-ac6e-edde70a8f50c",
    "color" : "#00FFFF",
    "position" : {
      "x" : -2.618034,
      "y" : 0.0,
      "z" : 0.0
    },
    "orientation" : 23
  }, {
    "shape" : "9a2c3a6a-d211-4695-ac6e-edde70a8f50c",
    "color" : "#00CCCC",
    "position" : {
      "x" : 2.618034,
      "y" : 0.0,
      "z" : 0.0
    },
    "orientation" : 22
  }, {
    "shape" : "854b8c01-e9e8-412e-a970-47f762628e92",
    "color" : "#BE1E1A",
    "position" : {
      "x" : -4.236068,
      "y" : 0.0,
      "z" : -1.618034
    }
  }, {
    "shape" : "854b8c01-e9e8-412e-a970-47f762628e92",
    "color" : "#BE1E1A",
    "position" : {
      "x" : 2.618034,
      "y" : -2.618034,
      "z" : -2.618034
    }
  }, {
    "shape" : "9a2c3a6a-d211-4695-ac6e-edde70a8f50c",
    "color" : "#00CCCC",
    "position" : {
      "x" : 0.0,
      "y" : 0.0,
      "z" : -2.618034
    },
    "orientation" : 36
  }, {
    "shape" : "66b5806f-64c6-4e30-abed-e88a58931022",
    "color" : "#BE1E1A",
    "position" : {
      "x" : 2.618034,
      "y" : 2.618034,
      "z" : 2.618034
    },
    "orientation" : 31
  }, {
    "shape" : "66b5806f-64c6-4e30-abed-e88a58931022",
    "color" : "#BE1E1A",
    "position" : {
      "x" : 1.618034,
      "y" : -4.236068,
      "z" : 0.0
    },
    "orientation" : 0
  }, {
    "shape" : "9a2c3a6a-d211-4695-ac6e-edde70a8f50c",
    "color" : "#00CCCC",
    "position" : {
      "x" : 2.618034,
      "y" : 0.0,
      "z" : 0.0
    },
    "orientation" : 52
  }, {
    "shape" : "66b5806f-64c6-4e30-abed-e88a58931022",
    "color" : "#BE1E1A",
    "position" : {
      "x" : -2.618034,
      "y" : -2.618034,
      "z" : 2.618034
    },
    "orientation" : 1
  }, {
    "shape" : "854b8c01-e9e8-412e-a970-47f762628e92",
    "color" : "#BE1E1A",
    "position" : {
      "x" : 0.0,
      "y" : -4.236068,
      "z" : -2.618034
    }
  }, {
    "shape" : "66b5806f-64c6-4e30-abed-e88a58931022",
    "color" : "#BE1E1A",
    "position" : {
      "x" : -4.236068,
      "y" : 0.0,
      "z" : 1.618034
    },
    "orientation" : 16
  }, {
    "shape" : "66b5806f-64c6-4e30-abed-e88a58931022",
    "color" : "#BE1E1A",
    "position" : {
      "x" : -4.236068,
      "y" : 0.0,
      "z" : 1.618034
    },
    "orientation" : 2
  }, {
    "shape" : "9a2c3a6a-d211-4695-ac6e-edde70a8f50c",
    "color" : "#00CCCC",
    "position" : {
      "x" : 0.0,
      "y" : -2.618034,
      "z" : 0.0
    },
    "orientation" : 38
  }, {
    "shape" : "66b5806f-64c6-4e30-abed-e88a58931022",
    "color" : "#BE1E1A",
    "position" : {
      "x" : 4.236068,
      "y" : 0.0,
      "z" : -1.618034
    },
    "orientation" : 47
  }, {
    "shape" : "e34c22b8-c934-4ae5-ba6c-5c050fdf5d09",
    "color" : "#FFFFFF",
    "position" : {
      "x" : -2.618034,
      "y" : 2.618034,
      "z" : 2.618034
    },
    "orientation" : 16
  }, {
    "shape" : "66b5806f-64c6-4e30-abed-e88a58931022",
    "color" : "#BE1E1A",
    "position" : {
      "x" : 2.618034,
      "y" : 2.618034,
      "z" : -2.618034
    },
    "orientation" : 16
  }, {
    "shape" : "854b8c01-e9e8-412e-a970-47f762628e92",
    "color" : "#BE1E1A",
    "position" : {
      "x" : 4.236068,
      "y" : -2.618034,
      "z" : 0.0
    }
  }, {
    "shape" : "9a2c3a6a-d211-4695-ac6e-edde70a8f50c",
    "color" : "#00CCCC",
    "position" : {
      "x" : -2.618034,
      "y" : 0.0,
      "z" : 0.0
    },
    "orientation" : 22
  }, {
    "shape" : "854b8c01-e9e8-412e-a970-47f762628e92",
    "color" : "#BE1E1A",
    "position" : {
      "x" : -2.618034,
      "y" : -2.618034,
      "z" : 2.618034
    }
  }, {
    "shape" : "66b5806f-64c6-4e30-abed-e88a58931022",
    "color" : "#BE1E1A",
    "position" : {
      "x" : -1.618034,
      "y" : -4.236068,
      "z" : 0.0
    },
    "orientation" : 17
  }, {
    "shape" : "e34c22b8-c934-4ae5-ba6c-5c050fdf5d09",
    "color" : "#FFFFFF",
    "position" : {
      "x" : 2.618034,
      "y" : 2.618034,
      "z" : -2.618034
    },
    "orientation" : 45
  }, {
    "shape" : "66b5806f-64c6-4e30-abed-e88a58931022",
    "color" : "#BE1E1A",
    "position" : {
      "x" : 4.236068,
      "y" : 0.0,
      "z" : 1.618034
    },
    "orientation" : 32
  }, {
    "shape" : "66b5806f-64c6-4e30-abed-e88a58931022",
    "color" : "#BE1E1A",
    "position" : {
      "x" : 2.618034,
      "y" : -2.618034,
      "z" : -2.618034
    },
    "orientation" : 30
  }, {
    "shape" : "854b8c01-e9e8-412e-a970-47f762628e92",
    "color" : "#BE1E1A",
    "position" : {
      "x" : -4.236068,
      "y" : 0.0,
      "z" : 1.618034
    }
  }, {
    "shape" : "854b8c01-e9e8-412e-a970-47f762628e92",
    "color" : "#BE1E1A",
    "position" : {
      "x" : -4.236068,
      "y" : -2.618034,
      "z" : 0.0
    }
  }, {
    "shape" : "854b8c01-e9e8-412e-a970-47f762628e92",
    "color" : "#BE1E1A",
    "position" : {
      "x" : -2.618034,
      "y" : 0.0,
      "z" : -4.236068
    }
  }, {
    "shape" : "9a2c3a6a-d211-4695-ac6e-edde70a8f50c",
    "color" : "#00FFFF",
    "position" : {
      "x" : 2.618034,
      "y" : 0.0,
      "z" : 0.0
    },
    "orientation" : 38
  }, {
    "shape" : "9a2c3a6a-d211-4695-ac6e-edde70a8f50c",
    "color" : "#00FFFF",
    "position" : {
      "x" : 2.618034,
      "y" : 0.0,
      "z" : 0.0
    },
    "orientation" : 53
  }, {
    "shape" : "9a2c3a6a-d211-4695-ac6e-edde70a8f50c",
    "color" : "#00CCCC",
    "position" : {
      "x" : 0.0,
      "y" : 0.0,
      "z" : -2.618034
    },
    "orientation" : 21
  }, {
    "shape" : "9a2c3a6a-d211-4695-ac6e-edde70a8f50c",
    "color" : "#00FFFF",
    "position" : {
      "x" : 0.0,
      "y" : 0.0,
      "z" : -2.618034
    },
    "orientation" : 37
  }, {
    "shape" : "66b5806f-64c6-4e30-abed-e88a58931022",
    "color" : "#BE1E1A",
    "position" : {
      "x" : 0.0,
      "y" : 1.618034,
      "z" : -4.236068
    },
    "orientation" : 30
  }, {
    "shape" : "9a2c3a6a-d211-4695-ac6e-edde70a8f50c",
    "color" : "#00CCCC",
    "position" : {
      "x" : 0.0,
      "y" : 2.618034,
      "z" : 0.0
    },
    "orientation" : 23
  }, {
    "shape" : "854b8c01-e9e8-412e-a970-47f762628e92",
    "color" : "#BE1E1A",
    "position" : {
      "x" : -4.236068,
      "y" : 2.618034,
      "z" : 0.0
    }
  }, {
    "shape" : "66b5806f-64c6-4e30-abed-e88a58931022",
    "color" : "#BE1E1A",
    "position" : {
      "x" : -4.236068,
      "y" : 0.0,
      "z" : 1.618034
    },
    "orientation" : 46
  }, {
    "shape" : "9a2c3a6a-d211-4695-ac6e-edde70a8f50c",
    "color" : "#00CCCC",
    "position" : {
      "x" : -2.618034,
      "y" : 0.0,
      "z" : 0.0
    },
    "orientation" : 37
  }, {
    "shape" : "e34c22b8-c934-4ae5-ba6c-5c050fdf5d09",
    "color" : "#FFFFFF",
    "position" : {
      "x" : -2.618034,
      "y" : -2.618034,
      "z" : -2.618034
    },
    "orientation" : 2
  }, {
    "shape" : "66b5806f-64c6-4e30-abed-e88a58931022",
    "color" : "#BE1E1A",
    "position" : {
      "x" : -2.618034,
      "y" : 2.618034,
      "z" : 2.618034
    },
    "orientation" : 31
  }, {
    "shape" : "66b5806f-64c6-4e30-abed-e88a58931022",
    "color" : "#BE1E1A",
    "position" : {
      "x" : -1.618034,
      "y" : 4.236068,
      "z" : 0.0
    },
    "orientation" : 2
  }, {
    "shape" : "854b8c01-e9e8-412e-a970-47f762628e92",
    "color" : "#00CCCC",
    "position" : {
      "x" : 0.0,
      "y" : 0.0,
      "z" : 2.618034
    }
  }, {
    "shape" : "66b5806f-64c6-4e30-abed-e88a58931022",
    "color" : "#BE1E1A",
    "position" : {
      "x" : 1.618034,
