{
  "polygons" : "true",
  "field" : "golden",
  "symmetry" : "icosahedral",
  "orientations" : [ [ 1.0, 0.0, 0.0, 0.0, 0.0, 1.0, 0.0, 0.0, 0.0, 0.0, 1.0, 0.0, 0.0, 0.0, 0.0, 1.0 ], [ 0.0, 0.0, 1.0, 0.0, 1.0, 0.0, 0.0, 0.0, 0.0, 1.0, 0.0, 0.0, 0.0, 0.0, 0.0, 1.0 ], [ 0.0, 1.0, 0.0, 0.0, 0.0, 0.0, 1.0, 0.0, 1.0, 0.0, 0.0, 0.0, 0.0, 0.0, 0.0, 1.0 ], [ 0.809017, 0.309017, 0.5, 0.0, 0.309017, 0.5, -0.809017, 0.0, -0.5, 0.809017, 0.309017, 0.0, 0.0, 0.0, 0.0, 1.0 ], [ -0.5, 0.809017, 0.309017, 0.0, 0.809017, 0.309017, 0.5, 0.0, 0.309017, 0.5, -0.809017, 0.0, 0.0, 0.0, 0.0, 1.0 ], [ 0.309017, 0.5, -0.809017, 0.0, -0.5, 0.809017, 0.309017, 0.0, 0.809017, 0.309017, 0.5, 0.0, 0.0, 0.0, 0.0, 1.0 ], [ 0.5, 0.809017, 0.309017, 0.0, 0.809017, -0.309017, -0.5, 0.0, -0.309017, 0.5, -0.809017, 0.0, 0.0, 0.0, 0.0, 1.0 ], [ -0.309017, 0.5, -0.809017, 0.0, 0.5, 0.809017, 0.309017, 0.0, 0.809017, -0.309017, -0.5, 0.0, 0.0, 0.0, 0.0, 1.0 ], [ 0.809017, -0.309017, -0.5, 0.0, -0.309017, 0.5, -0.809017, 0.0, 0.5, 0.809017, 0.309017, 0.0, 0.0, 0.0, 0.0, 1.0 ], [ 0.5, 0.809017, -0.309017, 0.0, 0.809017, -0.309017, 0.5, 0.0, 0.309017, -0.5, -0.809017, 0.0, 0.0, 0.0, 0.0, 1.0 ], [ 0.309017, -0.5, -0.809017, 0.0, 0.5, 0.809017, -0.309017, 0.0, 0.809017, -0.309017, 0.5, 0.0, 0.0, 0.0, 0.0, 1.0 ], [ 0.809017, -0.309017, 0.5, 0.0, 0.309017, -0.5, -0.809017, 0.0, 0.5, 0.809017, -0.309017, 0.0, 0.0, 0.0, 0.0, 1.0 ], [ 0.809017, 0.309017, -0.5, 0.0, 0.309017, 0.5, 0.809017, 0.0, 0.5, -0.809017, 0.309017, 0.0, 0.0, 0.0, 0.0, 1.0 ], [ 0.5, -0.809017, 0.309017, 0.0, 0.809017, 0.309017, -0.5, 0.0, 0.309017, 0.5, 0.809017, 0.0, 0.0, 0.0, 0.0, 1.0 ], [ 0.309017, 0.5, 0.809017, 0.0, 0.5, -0.809017, 0.309017, 0.0, 0.809017, 0.309017, -0.5, 0.0, 0.0, 0.0, 0.0, 1.0 ], [ 1.0, 0.0, 0.0, 0.0, 0.0, -1.0, 0.0, 0.0, 0.0, 0.0, -1.0, 0.0, 0.0, 0.0, 0.0, 1.0 ], [ 0.0, 0.0, 1.0, 0.0, -1.0, 0.0, 0.0, 0.0, 0.0, -1.0, 0.0, 0.0, 0.0, 0.0, 0.0, 1.0 ], [ 0.0, 1.0, 0.0, 0.0, 0.0, 0.0, -1.0, 0.0, -1.0, 0.0, 0.0, 0.0, 0.0, 0.0, 0.0, 1.0 ], [ 0.809017, 0.309017, 0.5, 0.0, -0.309017, -0.5, 0.809017, 0.0, 0.5, -0.809017, -0.309017, 0.0, 0.0, 0.0, 0.0, 1.0 ], [ -0.5, 0.809017, 0.309017, 0.0, -0.809017, -0.309017, -0.5, 0.0, -0.309017, -0.5, 0.809017, 0.0, 0.0, 0.0, 0.0, 1.0 ], [ 0.309017, 0.5, -0.809017, 0.0, 0.5, -0.809017, -0.309017, 0.0, -0.809017, -0.309017, -0.5, 0.0, 0.0, 0.0, 0.0, 1.0 ], [ 0.5, 0.809017, 0.309017, 0.0, -0.809017, 0.309017, 0.5, 0.0, 0.309017, -0.5, 0.809017, 0.0, 0.0, 0.0, 0.0, 1.0 ], [ -0.309017, 0.5, -0.809017, 0.0, -0.5, -0.809017, -0.309017, 0.0, -0.809017, 0.309017, 0.5, 0.0, 0.0, 0.0, 0.0, 1.0 ], [ 0.809017, -0.309017, -0.5, 0.0, 0.309017, -0.5, 0.809017, 0.0, -0.5, -0.809017, -0.309017, 0.0, 0.0, 0.0, 0.0, 1.0 ], [ 0.5, 0.809017, -0.309017, 0.0, -0.809017, 0.309017, -0.5, 0.0, -0.309017, 0.5, 0.809017, 0.0, 0.0, 0.0, 0.0, 1.0 ], [ 0.309017, -0.5, -0.809017, 0.0, -0.5, -0.809017, 0.309017, 0.0, -0.809017, 0.309017, -0.5, 0.0, 0.0, 0.0, 0.0, 1.0 ], [ 0.809017, -0.309017, 0.5, 0.0, -0.309017, 0.5, 0.809017, 0.0, -0.5, -0.809017, 0.309017, 0.0, 0.0, 0.0, 0.0, 1.0 ], [ 0.809017, 0.309017, -0.5, 0.0, -0.309017, -0.5, -0.809017, 0.0, -0.5, 0.809017, -0.309017, 0.0, 0.0, 0.0, 0.0, 1.0 ], [ 0.5, -0.809017, 0.309017, 0.0, -0.809017, -0.309017, 0.5, 0.0, -0.309017, -0.5, -0.809017, 0.0, 0.0, 0.0, 0.0, 1.0 ], [ 0.309017, 0.5, 0.809017, 0.0, -0.5, 0.809017, -0.309017, 0.0, -0.809017, -0.309017, 0.5, 0.0, 0.0, 0.0, 0.0, 1.0 ], [ -1.0, 0.0, 0.0, 0.0, 0.0, -1.0, 0.0, 0.0, 0.0, 0.0, 1.0, 0.0, 0.0, 0.0, 0.0, 1.0 ], [ 0.0, 0.0, -1.0, 0.0, -1.0, 0.0, 0.0, 0.0, 0.0, 1.0, 0.0, 0.0, 0.0, 0.0, 0.0, 1.0 ], [ 0.0, -1.0, 0.0, 0.0, 0.0, 0.0, -1.0, 0.0, 1.0, 0.0, 0.0, 0.0, 0.0, 0.0, 0.0, 1.0 ], [ -0.809017, -0.309017, -0.5, 0.0, -0.309017, -0.5, 0.809017, 0.0, -0.5, 0.809017, 0.309017, 0.0, 0.0, 0.0, 0.0, 1.0 ], [ 0.5, -0.809017, -0.309017, 0.0, -0.809017, -0.309017, -0.5, 0.0, 0.309017, 0.5, -0.809017, 0.0, 0.0, 0.0, 0.0, 1.0 ], [ -0.309017, -0.5, 0.809017, 0.0, 0.5, -0.809017, -0.309017, 0.0, 0.809017, 0.309017, 0.5, 0.0, 0.0, 0.0, 0.0, 1.0 ], [ -0.5, -0.809017, -0.309017, 0.0, -0.809017, 0.309017, 0.5, 0.0, -0.309017, 0.5, -0.809017, 0.0, 0.0, 0.0, 0.0, 1.0 ], [ 0.309017, -0.5, 0.809017, 0.0, -0.5, -0.809017, -0.309017, 0.0, 0.809017, -0.309017, -0.5, 0.0, 0.0, 0.0, 0.0, 1.0 ], [ -0.809017, 0.309017, 0.5, 0.0, 0.309017, -0.5, 0.809017, 0.0, 0.5, 0.809017, 0.309017, 0.0, 0.0, 0.0, 0.0, 1.0 ], [ -0.5, -0.809017, 0.309017, 0.0, -0.809017, 0.309017, -0.5, 0.0, 0.309017, -0.5, -0.809017, 0.0, 0.0, 0.0, 0.0, 1.0 ], [ -0.309017, 0.5, 0.809017, 0.0, -0.5, -0.809017, 0.309017, 0.0, 0.809017, -0.309017, 0.5, 0.0, 0.0, 0.0, 0.0, 1.0 ], [ -0.809017, 0.309017, -0.5, 0.0, -0.309017, 0.5, 0.809017, 0.0, 0.5, 0.809017, -0.309017, 0.0, 0.0, 0.0, 0.0, 1.0 ], [ -0.809017, -0.309017, 0.5, 0.0, -0.309017, -0.5, -0.809017, 0.0, 0.5, -0.809017, 0.309017, 0.0, 0.0, 0.0, 0.0, 1.0 ], [ -0.5, 0.809017, -0.309017, 0.0, -0.809017, -0.309017, 0.5, 0.0, 0.309017, 0.5, 0.809017, 0.0, 0.0, 0.0, 0.0, 1.0 ], [ -0.309017, -0.5, -0.809017, 0.0, -0.5, 0.809017, -0.309017, 0.0, 0.809017, 0.309017, -0.5, 0.0, 0.0, 0.0, 0.0, 1.0 ], [ -1.0, 0.0, 0.0, 0.0, 0.0, 1.0, 0.0, 0.0, 0.0, 0.0, -1.0, 0.0, 0.0, 0.0, 0.0, 1.0 ], [ 0.0, 0.0, -1.0, 0.0, 1.0, 0.0, 0.0, 0.0, 0.0, -1.0, 0.0, 0.0, 0.0, 0.0, 0.0, 1.0 ], [ 0.0, -1.0, 0.0, 0.0, 0.0, 0.0, 1.0, 0.0, -1.0, 0.0, 0.0, 0.0, 0.0, 0.0, 0.0, 1.0 ], [ -0.809017, -0.309017, -0.5, 0.0, 0.309017, 0.5, -0.809017, 0.0, 0.5, -0.809017, -0.309017, 0.0, 0.0, 0.0, 0.0, 1.0 ], [ 0.5, -0.809017, -0.309017, 0.0, 0.809017, 0.309017, 0.5, 0.0, -0.309017, -0.5, 0.809017, 0.0, 0.0, 0.0, 0.0, 1.0 ], [ -0.309017, -0.5, 0.809017, 0.0, -0.5, 0.809017, 0.309017, 0.0, -0.809017, -0.309017, -0.5, 0.0, 0.0, 0.0, 0.0, 1.0 ], [ -0.5, -0.809017, -0.309017, 0.0, 0.809017, -0.309017, -0.5, 0.0, 0.309017, -0.5, 0.809017, 0.0, 0.0, 0.0, 0.0, 1.0 ], [ 0.309017, -0.5, 0.809017, 0.0, 0.5, 0.809017, 0.309017, 0.0, -0.809017, 0.309017, 0.5, 0.0, 0.0, 0.0, 0.0, 1.0 ], [ -0.809017, 0.309017, 0.5, 0.0, -0.309017, 0.5, -0.809017, 0.0, -0.5, -0.809017, -0.309017, 0.0, 0.0, 0.0, 0.0, 1.0 ], [ -0.5, -0.809017, 0.309017, 0.0, 0.809017, -0.309017, 0.5, 0.0, -0.309017, 0.5, 0.809017, 0.0, 0.0, 0.0, 0.0, 1.0 ], [ -0.309017, 0.5, 0.809017, 0.0, 0.5, 0.809017, -0.309017, 0.0, -0.809017, 0.309017, -0.5, 0.0, 0.0, 0.0, 0.0, 1.0 ], [ -0.809017, 0.309017, -0.5, 0.0, 0.309017, -0.5, -0.809017, 0.0, -0.5, -0.809017, 0.309017, 0.0, 0.0, 0.0, 0.0, 1.0 ], [ -0.809017, -0.309017, 0.5, 0.0, 0.309017, 0.5, 0.809017, 0.0, -0.5, 0.809017, -0.309017, 0.0, 0.0, 0.0, 0.0, 1.0 ], [ -0.5, 0.809017, -0.309017, 0.0, 0.809017, 0.309017, -0.5, 0.0, -0.309017, -0.5, -0.809017, 0.0, 0.0, 0.0, 0.0, 1.0 ], [ -0.309017, -0.5, -0.809017, 0.0, 0.5, -0.809017, 0.309017, 0.0, -0.809017, -0.309017, 0.5, 0.0, 0.0, 0.0, 0.0, 1.0 ] ],
  "lights" : {
    "directionalLights" : [ {
      "direction" : [ 1.0, -1.0, -1.0 ],
      "color" : "#EBEBE4"
    }, {
      "direction" : [ -1.0, 0.0, 0.0 ],
      "color" : "#E4E4EB"
    }, {
      "direction" : [ 0.0, 0.0, -1.0 ],
      "color" : "#1E1E1E"
    } ],
    "ambientColor" : "#292929",
    "backgroundColor" : "#AFC8DC"
  },
  "camera" : {
    "position" : {
      "x" : -71.79068,
      "y" : -180.43953,
      "z" : 0.76680166
    },
    "perspective" : false,
    "fieldOfView" : 0.4426284,
    "lookAtPoint" : {
      "x" : 0.0,
      "y" : 0.0,
      "z" : 0.0
    },
    "farClipDistance" : 388.39548,
    "nearClipDistance" : 0.48549572,
    "viewDistance" : 194.19821,
    "lookDirection" : {
      "x" : 0.36967736,
      "y" : 0.92915136,
      "z" : -0.0039485516
    },
    "upDirection" : {
      "x" : 0.9277621,
      "y" : -0.36935002,
      "z" : -0.053280476
    },
    "stereo" : false,
    "width" : 87.3891
  },
  "embedding" : [ 1.0, 0.0, 0.0, 0.0, 0.0, 1.0, 0.0, 0.0, 0.0, 0.0, 1.0, 0.0, 0.0, 0.0, 0.0, 1.0 ],
  "shapes" : [ {
    "id" : "fec0b1e5-3f8c-4da2-b7e5-e73b1a07957f",
    "orbit" : "green",
    "name" : "g0",
    "vertices" : [ {
      "x" : 5.1405764,
      "y" : 1.7725425,
      "z" : -0.868034
    }, {
      "x" : 6.163119,
      "y" : 1.809017,
      "z" : -1.0
    }, {
      "x" : 5.1405764,
      "y" : 1.7725425,
      "z" : -0.48606798
    }, {
      "x" : 4.9495935,
      "y" : 2.0815594,
      "z" : -0.98606795
    }, {
      "x" : 4.9495935,
      "y" : 2.0815594,
      "z" : -0.60410196
    }, {
      "x" : 0.809017,
      "y" : 0.618034,
      "z" : 0.309017
    }, {
      "x" : 1.0,
      "y" : 0.309017,
      "z" : 0.19098301
    }, {
      "x" : 1.9045085,
      "y" : 0.5364745,
      "z" : -0.013932022
    }, {
      "x" : 5.854102,
      "y" : 2.309017,
      "z" : -1.190983
    }, {
      "x" : 6.045085,
      "y" : 2.0,
      "z" : -1.309017
    }, {
      "x" : 6.045085,
      "y" : 2.0,
      "z" : -0.690983
    }, {
      "x" : 5.854102,
      "y" : 2.309017,
      "z" : -0.809017
    }, {
      "x" : 1.7135255,
      "y" : 0.8454915,
      "z" : -0.13196601
    }, {
      "x" : 0.690983,
      "y" : 0.809017,
      "z" : 0.0
    }, {
      "x" : 1.9045085,
      "y" : 0.5364745,
      "z" : -0.39589804
    }, {
      "x" : 1.7135255,
      "y" : 0.8454915,
      "z" : -0.51393205
    }, {
      "x" : 0.809017,
      "y" : 0.618034,
      "z" : -0.309017
    }, {
      "x" : 1.0,
      "y" : 0.309017,
      "z" : -0.19098301
    }, {
      "x" : 6.854102,
      "y" : 2.618034,
      "z" : -1.0
    } ],
    "faces" : [ {
      "vertices" : [ 0, 14, 15, 3 ]
    }, {
      "vertices" : [ 3, 15, 12, 4 ]
    }, {
      "vertices" : [ 0, 1, 2 ]
    }, {
      "vertices" : [ 12, 15, 13 ]
    }, {
      "vertices" : [ 0, 9, 1 ]
    }, {
      "vertices" : [ 0, 3, 9 ]
    }, {
      "vertices" : [ 13, 15, 16 ]
    }, {
      "vertices" : [ 6, 17, 14, 7 ]
    }, {
      "vertices" : [ 1, 10, 2 ]
    }, {
      "vertices" : [ 5, 6, 7 ]
    }, {
      "vertices" : [ 3, 8, 9 ]
    }, {
      "vertices" : [ 0, 2, 7, 14 ]
    }, {
      "vertices" : [ 5, 7, 12 ]
    }, {
      "vertices" : [ 2, 4, 12, 7 ]
    }, {
      "vertices" : [ 3, 4, 11, 8 ]
    }, {
      "vertices" : [ 2, 10, 11, 4 ]
    }, {
      "vertices" : [ 5, 12, 13 ]
    }, {
      "vertices" : [ 14, 17, 16, 15 ]
    } ]
  }, {
    "id" : "bfe12c46-7a51-4d11-845f-794fc86be955",
    "name" : "ball",
    "vertices" : [ {
      "x" : 0.309017,
      "y" : -0.809017,
      "z" : 0.618034
    }, {
      "x" : 0.809017,
      "y" : -0.618034,
      "z" : 0.309017
    }, {
      "x" : 0.618034,
      "y" : -0.309017,
      "z" : 0.809017
    }, {
      "x" : 1.0,
      "y" : 0.309017,
      "z" : 0.19098301
    }, {
      "x" : 0.809017,
      "y" : 0.618034,
      "z" : 0.309017
    }, {
      "x" : 0.618034,
      "y" : 0.309017,
      "z" : 0.809017
    }, {
      "x" : 0.809017,
      "y" : 0.0,
      "z" : 0.690983
    }, {
      "x" : 0.19098301,
      "y" : -1.0,
      "z" : 0.309017
    }, {
      "x" : -0.19098301,
      "y" : -1.0,
      "z" : 0.309017
    }, {
      "x" : -0.19098301,
      "y" : -1.0,
      "z" : -0.309017
    }, {
      "x" : 0.19098301,
      "y" : -1.0,
      "z" : -0.309017
    }, {
      "x" : 1.0,
      "y" : -0.309017,
      "z" : -0.19098301
    }, {
      "x" : 0.809017,
      "y" : -0.618034,
      "z" : -0.309017
    }, {
      "x" : 0.618034,
      "y" : -0.309017,
      "z" : -0.809017
    }, {
      "x" : 0.809017,
      "y" : 0.0,
      "z" : -0.690983
    }, {
      "x" : 0.0,
      "y" : 0.690983,
      "z" : -0.809017
    }, {
      "x" : 0.309017,
      "y" : 0.809017,
      "z" : -0.618034
    }, {
      "x" : 0.618034,
      "y" : 0.309017,
      "z" : -0.809017
    }, {
      "x" : 0.309017,
      "y" : 0.19098301,
      "z" : -1.0
    }, {
      "x" : 1.0,
      "y" : 0.309017,
      "z" : -0.19098301
    }, {
      "x" : -0.309017,
      "y" : -0.809017,
      "z" : 0.618034
    }, {
      "x" : 0.0,
      "y" : -0.690983,
      "z" : 0.809017
    }, {
      "x" : 0.809017,
      "y" : 0.618034,
      "z" : -0.309017
    }, {
      "x" : 0.690983,
      "y" : 0.809017,
      "z" : 0.0
    }, {
      "x" : -0.690983,
      "y" : 0.809017,
      "z" : 0.0
    }, {
      "x" : -0.809017,
      "y" : 0.618034,
      "z" : 0.309017
    }, {
      "x" : -0.309017,
      "y" : 0.809017,
      "z" : 0.618034
    }, {
      "x" : -0.19098301,
      "y" : 1.0,
      "z" : 0.309017
    }, {
      "x" : 0.309017,
      "y" : -0.19098301,
      "z" : -1.0
    }, {
      "x" : 0.19098301,
      "y" : 1.0,
      "z" : 0.309017
    }, {
      "x" : 0.309017,
      "y" : 0.809017,
      "z" : 0.618034
    }, {
      "x" : -0.809017,
      "y" : -0.618034,
      "z" : 0.309017
    }, {
      "x" : -0.690983,
      "y" : -0.809017,
      "z" : 0.0
    }, {
      "x" : 0.0,
      "y" : 0.690983,
      "z" : 0.809017
    }, {
      "x" : 0.309017,
      "y" : -0.809017,
      "z" : -0.618034
    }, {
      "x" : 0.0,
      "y" : -0.690983,
      "z" : -0.809017
    }, {
      "x" : -1.0,
      "y" : 0.309017,
      "z" : 0.19098301
    }, {
      "x" : -0.809017,
      "y" : 0.0,
      "z" : 0.690983
    }, {
      "x" : -0.618034,
      "y" : 0.309017,
      "z" : 0.809017
    }, {
      "x" : 1.0,
      "y" : -0.309017,
      "z" : 0.19098301
    }, {
      "x" : -0.309017,
      "y" : -0.809017,
      "z" : -0.618034
    }, {
      "x" : -1.0,
      "y" : 0.309017,
      "z" : -0.19098301
    }, {
      "x" : -1.0,
      "y" : -0.309017,
      "z" : -0.19098301
    }, {
      "x" : -1.0,
      "y" : -0.309017,
      "z" : 0.19098301
    }, {
      "x" : 0.19098301,
      "y" : 1.0,
      "z" : -0.309017
    }, {
      "x" : -0.809017,
      "y" : 0.618034,
      "z" : -0.309017
    }, {
      "x" : -0.19098301,
      "y" : 1.0,
      "z" : -0.309017
    }, {
      "x" : -0.309017,
      "y" : 0.809017,
      "z" : -0.618034
    }, {
      "x" : -0.618034,
      "y" : -0.309017,
      "z" : 0.809017
    }, {
      "x" : 0.309017,
      "y" : 0.19098301,
      "z" : 1.0
    }, {
      "x" : -0.309017,
      "y" : 0.19098301,
      "z" : -1.0
    }, {
      "x" : -0.309017,
      "y" : 0.19098301,
      "z" : 1.0
    }, {
      "x" : -0.309017,
      "y" : -0.19098301,
      "z" : 1.0
    }, {
      "x" : 0.309017,
      "y" : -0.19098301,
      "z" : 1.0
    }, {
      "x" : 0.690983,
      "y" : -0.809017,
      "z" : 0.0
    }, {
      "x" : -0.809017,
      "y" : 0.0,
      "z" : -0.690983
    }, {
      "x" : -0.618034,
      "y" : -0.309017,
      "z" : -0.809017
    }, {
      "x" : -0.309017,
      "y" : -0.19098301,
      "z" : -1.0
    }, {
      "x" : -0.618034,
      "y" : 0.309017,
      "z" : -0.809017
    }, {
      "x" : -0.809017,
      "y" : -0.618034,
      "z" : -0.309017
    } ],
    "faces" : [ {
      "vertices" : [ 9, 40, 35, 34, 10 ]
    }, {
      "vertices" : [ 0, 1, 2 ]
    }, {
      "vertices" : [ 33, 51, 49 ]
    }, {
      "vertices" : [ 25, 36, 37, 38 ]
    }, {
      "vertices" : [ 41, 55, 42 ]
    }, {
      "vertices" : [ 9, 32, 59, 40 ]
    }, {
      "vertices" : [ 20, 21, 52, 48 ]
    }, {
      "vertices" : [ 26, 33, 30, 29, 27 ]
    }, {
      "vertices" : [ 3, 4, 5, 6 ]
    }, {
      "vertices" : [ 27, 29, 44, 46 ]
    }, {
      "vertices" : [ 50, 57, 56, 55, 58 ]
    }, {
      "vertices" : [ 26, 38, 51, 33 ]
    }, {
      "vertices" : [ 45, 47, 58 ]
    }, {
      "vertices" : [ 18, 28, 57, 50 ]
    }, {
      "vertices" : [ 40, 59, 56 ]
    }, {
      "vertices" : [ 31, 48, 37, 43 ]
    }, {
      "vertices" : [ 7, 8, 9, 10 ]
    }, {
      "vertices" : [ 36, 41, 42, 43 ]
    }, {
      "vertices" : [ 24, 46, 47, 45 ]
    }, {
      "vertices" : [ 4, 30, 5 ]
    }, {
      "vertices" : [ 15, 47, 46, 44, 16 ]
    }, {
      "vertices" : [ 15, 50, 58, 47 ]
    }, {
      "vertices" : [ 24, 45, 41, 36, 25 ]
    }, {
      "vertices" : [ 11, 14, 19 ]
    }, {
      "vertices" : [ 3, 6, 39 ]
    }, {
      "vertices" : [ 1, 39, 6, 2 ]
    }, {
      "vertices" : [ 8, 32, 9 ]
    }, {
      "vertices" : [ 11, 12, 13, 14 ]
    }, {
      "vertices" : [ 16, 22, 17 ]
    }, {
      "vertices" : [ 0, 21, 20, 8, 7 ]
    }, {
      "vertices" : [ 12, 34, 13 ]
    }, {
      "vertices" : [ 35, 40, 56, 57 ]
    }, {
      "vertices" : [ 0, 7, 54, 1 ]
    }, {
      "vertices" : [ 15, 16, 17, 18 ]
    }, {
      "vertices" : [ 3, 19, 22, 23, 4 ]
    }, {
      "vertices" : [ 7, 10, 54 ]
    }, {
      "vertices" : [ 41, 45, 58, 55 ]
    }, {
      "vertices" : [ 3, 39, 11, 19 ]
    }, {
      "vertices" : [ 14, 17, 22, 19 ]
    }, {
      "vertices" : [ 0, 2, 53, 21 ]
    }, {
      "vertices" : [ 49, 51, 52, 53 ]
    }, {
      "vertices" : [ 31, 43, 42, 59, 32 ]
    }, {
      "vertices" : [ 15, 18, 50 ]
    }, {
      "vertices" : [ 42, 55, 56, 59 ]
    }, {
      "vertices" : [ 4, 23, 29, 30 ]
    }, {
      "vertices" : [ 25, 38, 26 ]
    }, {
      "vertices" : [ 13, 28, 18, 17, 14 ]
    }, {
      "vertices" : [ 8, 20, 31, 32 ]
    }, {
      "vertices" : [ 23, 44, 29 ]
    }, {
      "vertices" : [ 24, 27, 46 ]
    }, {
      "vertices" : [ 37, 48, 52, 51, 38 ]
    }, {
      "vertices" : [ 20, 48, 31 ]
    }, {
      "vertices" : [ 24, 25, 26, 27 ]
    }, {
      "vertices" : [ 16, 44, 23, 22 ]
    }, {
      "vertices" : [ 13, 34, 35, 28 ]
    }, {
      "vertices" : [ 10, 34, 12, 54 ]
    }, {
      "vertices" : [ 2, 6, 5, 49, 53 ]
    }, {
      "vertices" : [ 36, 43, 37 ]
    }, {
      "vertices" : [ 5, 30, 33, 49 ]
    }, {
      "vertices" : [ 1, 54, 12, 11, 39 ]
    }, {
      "vertices" : [ 28, 35, 57 ]
    }, {
      "vertices" : [ 21, 53, 52 ]
    } ]
  }, {
    "id" : "2bd21aa4-2f00-4c29-a331-de3b622288a9",
    "orbit" : "green",
    "name" : "g1",
    "vertices" : [ {
      "x" : 9.376644,
      "y" : 3.3905764,
      "z" : -1.486068
    }, {
      "x" : 10.399187,
      "y" : 3.427051,
      "z" : -1.618034
    }, {
      "x" : 9.376644,
      "y" : 3.3905764,
      "z" : -1.104102
    }, {
      "x" : 9.185661,
      "y" : 3.6995935,
      "z" : -1.604102
    }, {
      "x" : 9.185661,
      "y" : 3.6995935,
      "z" : -1.2221359
    }, {
      "x" : 0.809017,
      "y" : 0.618034,
      "z" : 0.309017
    }, {
      "x" : 1.0,
      "y" : 0.309017,
      "z" : 0.19098301
    }, {
      "x" : 1.9045085,
      "y" : 0.5364745,
      "z" : -0.013932022
    }, {
      "x" : 10.09017,
      "y" : 3.927051,
      "z" : -1.809017
    }, {
      "x" : 10.281153,
      "y" : 3.618034,
      "z" : -1.927051
    }, {
      "x" : 10.281153,
      "y" : 3.618034,
      "z" : -1.309017
    }, {
      "x" : 10.09017,
      "y" : 3.927051,
      "z" : -1.427051
    }, {
      "x" : 1.7135255,
      "y" : 0.8454915,
      "z" : -0.13196601
    }, {
      "x" : 0.690983,
      "y" : 0.809017,
      "z" : 0.0
    }, {
      "x" : 1.9045085,
      "y" : 0.5364745,
      "z" : -0.39589804
    }, {
      "x" : 1.7135255,
      "y" : 0.8454915,
      "z" : -0.51393205
    }, {
      "x" : 0.809017,
      "y" : 0.618034,
      "z" : -0.309017
    }, {
      "x" : 1.0,
      "y" : 0.309017,
      "z" : -0.19098301
    }, {
      "x" : 11.09017,
      "y" : 4.236068,
      "z" : -1.618034
    } ],
    "faces" : [ {
      "vertices" : [ 0, 14, 15, 3 ]
    }, {
      "vertices" : [ 3, 15, 12, 4 ]
    }, {
      "vertices" : [ 0, 1, 2 ]
    }, {
      "vertices" : [ 12, 15, 13 ]
    }, {
      "vertices" : [ 0, 9, 1 ]
    }, {
      "vertices" : [ 0, 3, 9 ]
    }, {
      "vertices" : [ 13, 15, 16 ]
    }, {
      "vertices" : [ 6, 17, 14, 7 ]
    }, {
      "vertices" : [ 1, 10, 2 ]
    }, {
      "vertices" : [ 5, 6, 7 ]
    }, {
      "vertices" : [ 3, 8, 9 ]
    }, {
      "vertices" : [ 0, 2, 7, 14 ]
    }, {
      "vertices" : [ 5, 7, 12 ]
    }, {
      "vertices" : [ 2, 4, 12, 7 ]
    }, {
      "vertices" : [ 3, 4, 11, 8 ]
    }, {
      "vertices" : [ 2, 10, 11, 4 ]
    }, {
      "vertices" : [ 5, 12, 13 ]
    }, {
      "vertices" : [ 14, 17, 16, 15 ]
    } ]
  }, {
    "id" : "635164ae-2847-43d3-a7ed-a2c4aa978353",
    "orbit" : "blue",
    "name" : "b1",
    "vertices" : [ {
      "x" : 7.472136,
      "y" : 0.309017,
      "z" : 0.19098301
    }, {
      "x" : 7.472136,
      "y" : 0.309017,
      "z" : -0.19098301
    }, {
      "x" : 1.0,
      "y" : 0.309017,
      "z" : -0.19098301
    }, {
      "x" : 1.0,
      "y" : 0.309017,
      "z" : 0.19098301
    }, {
      "x" : 7.472136,
      "y" : -0.309017,
      "z" : 0.19098301
    }, {
      "x" : 1.0,
      "y" : -0.309017,
      "z" : 0.19098301
    }, {
      "x" : 1.0,
      "y" : -0.309017,
      "z" : -0.19098301
    }, {
      "x" : 7.472136,
      "y" : -0.309017,
      "z" : -0.19098301
    }, {
      "x" : 8.472136,
      "y" : 0.0,
      "z" : 0.0
    } ],
    "faces" : [ {
      "vertices" : [ 1, 7, 6, 2 ]
    }, {
      "vertices" : [ 0, 1, 2, 3 ]
    }, {
      "vertices" : [ 4, 5, 6, 7 ]
    }, {
      "vertices" : [ 0, 3, 5, 4 ]
    } ]
  }, {
    "id" : "87c29156-9bd7-48ec-bc8a-55496ad95aee",
    "orbit" : "red",
    "name" : "r2",
    "vertices" : [ {
      "x" : 4.736068,
      "y" : 3.045085,
      "z" : 0.309017
    }, {
      "x" : 6.354102,
      "y" : 3.809017,
      "z" : 0.309017
    }, {
      "x" : 6.163119,
      "y" : 4.118034,
      "z" : 0.19098301
    }, {
      "x" : 0.809017,
      "y" : 0.618034,
      "z" : -0.309017
    }, {
      "x" : 0.690983,
      "y" : 0.809017,
      "z" : 0.0
    }, {
      "x" : 4.618034,
      "y" : 3.236068,
      "z" : 0.0
    }, {
      "x" : 4.736068,
      "y" : 3.045085,
      "z" : -0.309017
    }, {
      "x" : 10.281153,
      "y" : 6.236068,
      "z" : 0.309017
    }, {
      "x" : 4.927051,
      "y" : 2.736068,
      "z" : 0.19098301
    }, {
      "x" : 4.927051,
      "y" : 2.736068,
      "z" : -0.19098301
    }, {
      "x" : 6.472136,
      "y" : 3.618034,
      "z" : 0.0
    }, {
      "x" : 6.354102,
      "y" : 3.809017,
      "z" : -0.309017
    }, {
      "x" : 10.399187,
      "y" : 6.045085,
      "z" : 0.0
    }, {
      "x" : 1.0,
      "y" : 0.309017,
      "z" : 0.19098301
    }, {
      "x" : 1.0,
      "y" : 0.309017,
      "z" : -0.19098301
    }, {
      "x" : 0.809017,
      "y" : 0.618034,
      "z" : 0.309017
    }, {
      "x" : 10.09017,
      "y" : 6.545085,
      "z" : 0.19098301
    }, {
      "x" : 10.281153,
      "y" : 6.236068,
      "z" : -0.309017
    }, {
      "x" : 10.09017,
      "y" : 6.545085,
      "z" : -0.19098301
    }, {
      "x" : 11.09017,
      "y" : 6.854102,
      "z" : 0.0
    }, {
      "x" : 6.163119,
      "y" : 4.118034,
      "z" : -0.19098301
    } ],
    "faces" : [ {
      "vertices" : [ 3, 6, 9, 14 ]
    }, {
      "vertices" : [ 11, 20, 18, 17 ]
    }, {
      "vertices" : [ 0, 1, 2 ]
    }, {
      "vertices" : [ 0, 15, 13, 8 ]
    }, {
      "vertices" : [ 6, 20, 11 ]
    }, {
      "vertices" : [ 0, 2, 5 ]
    }, {
      "vertices" : [ 0, 8, 1 ]
    }, {
      "vertices" : [ 8, 13, 14, 9 ]
    }, {
      "vertices" : [ 3, 4, 5, 6 ]
    }, {
      "vertices" : [ 10, 11, 17, 12 ]
    }, {
      "vertices" : [ 1, 8, 10 ]
    }, {
      "vertices" : [ 0, 5, 4, 15 ]
    }, {
      "vertices" : [ 2, 16, 18, 20 ]
    }, {
      "vertices" : [ 1, 7, 16, 2 ]
    }, {
      "vertices" : [ 6, 11, 9 ]
    }, {
      "vertices" : [ 8, 9, 10 ]
    }, {
      "vertices" : [ 2, 20, 5 ]
    }, {
      "vertices" : [ 9, 11, 10 ]
    }, {
      "vertices" : [ 1, 10, 12, 7 ]
    }, {
      "vertices" : [ 5, 20, 6 ]
    } ]
  }, {
    "id" : "673374dd-d37e-4d8c-98e6-c94f33af387d",
    "orbit" : "blue",
    "name" : "b2",
    "vertices" : [ {
      "x" : 12.708204,
      "y" : 0.309017,
      "z" : 0.19098301
    }, {
      "x" : 12.708204,
      "y" : 0.309017,
      "z" : -0.19098301
    }, {
      "x" : 1.0,
      "y" : 0.309017,
      "z" : -0.19098301
    }, {
      "x" : 1.0,
      "y" : 0.309017,
      "z" : 0.19098301
    }, {
      "x" : 12.708204,
      "y" : -0.309017,
      "z" : 0.19098301
    }, {
      "x" : 1.0,
      "y" : -0.309017,
      "z" : 0.19098301
    }, {
      "x" : 1.0,
      "y" : -0.309017,
      "z" : -0.19098301
    }, {
      "x" : 12.708204,
      "y" : -0.309017,
      "z" : -0.19098301
    }, {
      "x" : 13.708204,
      "y" : 0.0,
      "z" : 0.0
    } ],
    "faces" : [ {
      "vertices" : [ 1, 7, 6, 2 ]
    }, {
      "vertices" : [ 0, 1, 2, 3 ]
    }, {
      "vertices" : [ 4, 5, 6, 7 ]
    }, {
      "vertices" : [ 0, 3, 5, 4 ]
    } ]
  }, {
    "id" : "ae5a79cd-360f-4917-a46e-c306117fed26",
    "orbit" : "blue",
    "name" : "b0",
    "vertices" : [ {
      "x" : 4.236068,
      "y" : 0.309017,
      "z" : 0.19098301
    }, {
      "x" : 4.236068,
      "y" : 0.309017,
      "z" : -0.19098301
    }, {
      "x" : 1.0,
      "y" : 0.309017,
      "z" : -0.19098301
    }, {
      "x" : 1.0,
      "y" : 0.309017,
      "z" : 0.19098301
    }, {
      "x" : 4.236068,
      "y" : -0.309017,
      "z" : 0.19098301
    }, {
      "x" : 1.0,
      "y" : -0.309017,
      "z" : 0.19098301
    }, {
      "x" : 1.0,
      "y" : -0.309017,
      "z" : -0.19098301
    }, {
      "x" : 4.236068,
      "y" : -0.309017,
      "z" : -0.19098301
    }, {
      "x" : 5.236068,
      "y" : 0.0,
      "z" : 0.0
    } ],
    "faces" : [ {
      "vertices" : [ 1, 7, 6, 2 ]
    }, {
      "vertices" : [ 0, 1, 2, 3 ]
    }, {
      "vertices" : [ 4, 5, 6, 7 ]
    }, {
      "vertices" : [ 0, 3, 5, 4 ]
    } ]
  } ],
  "instances" : [ {
    "shape" : "fec0b1e5-3f8c-4da2-b7e5-e73b1a07957f",
    "color" : "#FFFFFF",
    "position" : {
      "x" : 13.708204,
      "y" : 22.18034,
      "z" : 8.472136
    },
    "orientation" : 38
  }, {
    "shape" : "bfe12c46-7a51-4d11-845f-794fc86be955",
    "color" : "#FFFFFF",
    "position" : {
      "x" : 17.944271,
      "y" : -20.562305,
      "z" : -2.618034
    }
  }, {
    "shape" : "bfe12c46-7a51-4d11-845f-794fc86be955",
    "color" : "#FFFFFF",
    "position" : {
      "x" : -9.472136,
      "y" : -6.854102,
      "z" : 24.798374
    }
  }, {
    "shape" : "2bd21aa4-2f00-4c29-a331-de3b622288a9",
    "color" : "#000000",
    "position" : {
      "x" : -24.798374,
      "y" : -4.236068,
      "z" : 6.854102
    },
    "orientation" : 25
  }, {
    "shape" : "635164ae-2847-43d3-a7ed-a2c4aa978353",
    "color" : "#000000",
    "position" : {
      "x" : 11.09017,
      "y" : -17.944271,
      "z" : 15.326238
    },
    "orientation" : 9
  }, {
    "shape" : "635164ae-2847-43d3-a7ed-a2c4aa978353",
    "color" : "#3399FF",
    "position" : {
      "x" : -20.562305,
      "y" : 2.618034,
      "z" : -17.944271
    },
    "orientation" : 26
  }, {
    "shape" : "bfe12c46-7a51-4d11-845f-794fc86be955",
    "color" : "#FFFFFF",
    "position" : {
      "x" : 26.416409,
      "y" : 6.854102,
      "z" : -2.618034
    }
  }, {
    "shape" : "635164ae-2847-43d3-a7ed-a2c4aa978353",
    "color" : "#3399FF",
    "position" : {
      "x" : -22.18034,
      "y" : -13.708204,
      "z" : 0.0
    },
    "orientation" : 37
  }, {
    "shape" : "bfe12c46-7a51-4d11-845f-794fc86be955",
    "color" : "#FFFFFF",
    "position" : {
      "x" : 0.0,
      "y" : 0.0,
      "z" : -27.416409
    }
  }, {
    "shape" : "2bd21aa4-2f00-4c29-a331-de3b622288a9",
    "color" : "#000000",
    "position" : {
      "x" : -4.236068,
      "y" : -6.854102,
      "z" : 24.798374
    },
    "orientation" : 54
  }, {
    "shape" : "635164ae-2847-43d3-a7ed-a2c4aa978353",
    "color" : "#3399FF",
    "position" : {
      "x" : 0.0,
      "y" : 22.18034,
      "z" : 13.708204
    },
    "orientation" : 8
  }, {
    "shape" : "bfe12c46-7a51-4d11-845f-794fc86be955",
    "color" : "#FFFFFF",
    "position" : {
      "x" : 22.18034,
      "y" : 8.472136,
      "z" : 13.708204
    }
  }, {
    "shape" : "bfe12c46-7a51-4d11-845f-794fc86be955",
    "color" : "#FFFFFF",
    "position" : {
      "x" : 13.708204,
      "y" : -22.18034,
      "z" : 8.472136
    }
  }, {
    "shape" : "87c29156-9bd7-48ec-bc8a-55496ad95aee",
    "color" : "#FF3333",
    "position" : {
      "x" : 13.708204,
      "y" : 0.0,
      "z" : 22.18034
    },
    "orientation" : 47
  }, {
    "shape" : "635164ae-2847-43d3-a7ed-a2c4aa978353",
    "color" : "#000000",
    "position" : {
      "x" : -17.944271,
      "y" : -15.326238,
      "z" : -11.09017
    },
    "orientation" : 26
  }, {
    "shape" : "635164ae-2847-43d3-a7ed-a2c4aa978353",
    "color" : "#3399FF",
    "position" : {
      "x" : -22.18034,
      "y" : -13.708204,
      "z" : 0.0
    },
    "orientation" : 54
  }, {
    "shape" : "673374dd-d37e-4d8c-98e6-c94f33af387d",
    "color" : "#000000",
    "position" : {
      "x" : 24.798374,
      "y" : -4.236068,
      "z" : 6.854102
    },
    "orientation" : 47
  }, {
    "shape" : "ae5a79cd-360f-4917-a46e-c306117fed26",
    "color" : "#FFFFFF",
    "position" : {
      "x" : 13.708204,
      "y" : -8.472136,
      "z" : 22.18034
    },
    "orientation" : 38
  }, {
    "shape" : "bfe12c46-7a51-4d11-845f-794fc86be955",
    "color" : "#000000",
    "position" : {
      "x" : 15.326238,
      "y" : 11.09017,
      "z" : -17.944271
    }
  }, {
    "shape" : "ae5a79cd-360f-4917-a46e-c306117fed26",
    "color" : "#FFFFFF",
    "position" : {
      "x" : 9.472136,
      "y" : -6.854102,
      "z" : -24.798374
    },
    "orientation" : 8
  }, {
    "shape" : "bfe12c46-7a51-4d11-845f-794fc86be955",
    "color" : "#FFFFFF",
    "position" : {
      "x" : 2.618034,
      "y" : -26.416409,
      "z" : 6.854102
    }
  }, {
    "shape" : "635164ae-2847-43d3-a7ed-a2c4aa978353",
    "color" : "#3399FF",
    "position" : {
      "x" : 0.0,
      "y" : 22.18034,
      "z" : 13.708204
    },
    "orientation" : 40
  }, {
    "shape" : "635164ae-2847-43d3-a7ed-a2c4aa978353",
    "color" : "#3399FF",
    "position" : {
      "x" : 8.472136,
      "y" : -22.18034,
      "z" : -13.708204
    },
    "orientation" : 45
  }, {
    "shape" : "635164ae-2847-43d3-a7ed-a2c4aa978353",
    "color" : "#3399FF",
    "position" : {
      "x" : -6.854102,
      "y" : -24.798374,
      "z" : -9.472136
    },
    "orientation" : 23
  }, {
    "shape" : "ae5a79cd-360f-4917-a46e-c306117fed26",
    "color" : "#FFFFFF",
    "position" : {
      "x" : 22.18034,
      "y" : -13.708204,
      "z" : -8.472136
    },
    "orientation" : 39
  }, {
    "shape" : "fec0b1e5-3f8c-4da2-b7e5-e73b1a07957f",
    "color" : "#FFFFFF",
    "position" : {
      "x" : 0.0,
      "y" : -27.416409,
      "z" : 0.0
    },
    "orientation" : 17
  }, {
    "shape" : "bfe12c46-7a51-4d11-845f-794fc86be955",
    "color" : "#FFFFFF",
    "position" : {
      "x" : 17.944271,
      "y" : 6.854102,
      "z" : -19.562305
    }
  }, {
    "shape" : "fec0b1e5-3f8c-4da2-b7e5-e73b1a07957f",
    "color" : "#FFFFFF",
    "position" : {
      "x" : 0.0,
      "y" : 0.0,
      "z" : 27.416409
    },
    "orientation" : 57
  }, {
    "shape" : "673374dd-d37e-4d8c-98e6-c94f33af387d",
    "color" : "#000000",
    "position" : {
      "x" : -11.09017,
      "y" : -17.944271,
      "z" : -15.326238
    },
    "orientation" : 37
  }, {
    "shape" : "ae5a79cd-360f-4917-a46e-c306117fed26",
    "color" : "#FFFFFF",
    "position" : {
      "x" : 8.472136,
      "y" : 22.18034,
      "z" : -13.708204
    },
    "orientation" : 7
  }, {
    "shape" : "fec0b1e5-3f8c-4da2-b7e5-e73b1a07957f",
    "color" : "#FFFFFF",
    "position" : {
      "x" : 0.0,
      "y" : 27.416409,
      "z" : 0.0
    },
    "orientation" : 29
  }, {
    "shape" : "673374dd-d37e-4d8c-98e6-c94f33af387d",
    "color" : "#000000",
    "position" : {
      "x" : 13.708204,
      "y" : -22.18034,
      "z" : 0.0
    },
    "orientation" : 10
  }, {
    "shape" : "635164ae-2847-43d3-a7ed-a2c4aa978353",
    "color" : "#000000",
    "position" : {
      "x" : -6.854102,
      "y" : 24.798374,
      "z" : -4.236068
    },
    "orientation" : 2
  }, {
    "shape" : "bfe12c46-7a51-4d11-845f-794fc86be955",
    "color" : "#000000",
    "position" : {
      "x" : 17.944271,
      "y" : -15.326238,
      "z" : 11.09017
    }
  }, {
    "shape" : "635164ae-2847-43d3-a7ed-a2c4aa978353",
    "color" : "#3399FF",
    "position" : {
      "x" : 0.0,
      "y" : -22.18034,
      "z" : 13.708204
    },
    "orientation" : 0
  }, {
    "shape" : "fec0b1e5-3f8c-4da2-b7e5-e73b1a07957f",
    "color" : "#FFFFFF",
    "position" : {
      "x" : -22.18034,
      "y" : -8.472136,
      "z" : -13.708204
    },
    "orientation" : 37
  }, {
    "shape" : "87c29156-9bd7-48ec-bc8a-55496ad95aee",
    "color" : "#FF3333",
    "position" : {
      "x" : 22.18034,
      "y" : -13.708204,
      "z" : 0.0
    },
    "orientation" : 45
  }, {
    "shape" : "bfe12c46-7a51-4d11-845f-794fc86be955",
    "color" : "#000000",
    "position" : {
      "x" : 6.854102,
      "y" : -24.798374,
      "z" : -4.236068
    }
  }, {
    "shape" : "bfe12c46-7a51-4d11-845f-794fc86be955",
    "color" : "#FFFFFF",
    "position" : {
      "x" : 6.854102,
      "y" : -24.798374,
      "z" : 9.472136
    }
  }, {
    "shape" : "ae5a79cd-360f-4917-a46e-c306117fed26",
    "color" : "#FFFFFF",
    "position" : {
      "x" : -6.854102,
      "y" : -24.798374,
      "z" : -9.472136
    },
    "orientation" : 8
  }, {
    "shape" : "bfe12c46-7a51-4d11-845f-794fc86be955",
    "color" : "#FFFFFF",
    "position" : {
      "x" : -9.472136,
      "y" : 6.854102,
      "z" : -24.798374
    }
  }, {
    "shape" : "bfe12c46-7a51-4d11-845f-794fc86be955",
    "color" : "#000000",
    "position" : {
      "x" : 13.708204,
      "y" : 0.0,
      "z" : -22.18034
    }
  }, {
    "shape" : "635164ae-2847-43d3-a7ed-a2c4aa978353",
    "color" : "#3399FF",
    "position" : {
      "x" : 0.0,
      "y" : -22.18034,
      "z" : -13.708204
    },
    "orientation" : 40
  }, {
    "shape" : "2bd21aa4-2f00-4c29-a331-de3b622288a9",
    "color" : "#000000",
    "position" : {
      "x" : 24.798374,
      "y" : 4.236068,
      "z" : -6.854102
    },
    "orientation" : 4
  }, {
    "shape" : "bfe12c46-7a51-4d11-845f-794fc86be955",
    "color" : "#FFFFFF",
    "position" : {
      "x" : 8.472136,
      "y" : -13.708204,
      "z" : -22.18034
    }
  }, {
    "shape" : "673374dd-d37e-4d8c-98e6-c94f33af387d",
    "color" : "#000000",
    "position" : {
      "x" : 0.0,
      "y" : 13.708204,
      "z" : -22.18034
    },
    "orientation" : 11
  }, {
    "shape" : "fec0b1e5-3f8c-4da2-b7e5-e73b1a07957f",
    "color" : "#FFFFFF",
    "position" : {
      "x" : 0.0,
      "y" : 0.0,
      "z" : -27.416409
    },
    "orientation" : 42
  }, {
    "shape" : "fec0b1e5-3f8c-4da2-b7e5-e73b1a07957f",
    "color" : "#FFFFFF",
    "position" : {
      "x" : -13.708204,
      "y" : 22.18034,
      "z" : -8.472136
    },
    "orientation" : 0
  }, {
    "shape" : "635164ae-2847-43d3-a7ed-a2c4aa978353",
    "color" : "#3399FF",
    "position" : {
      "x" : 17.944271,
      "y" : 20.562305,
      "z" : 2.618034
    },
    "orientation" : 24
  }, {
    "shape" : "fec0b1e5-3f8c-4da2-b7e5-e73b1a07957f",
    "color" : "#FFFFFF",
    "position" : {
      "x" : 22.18034,
      "y" : -8.472136,
      "z" : 13.708204
    },
    "orientation" : 35
  }, {
    "shape" : "fec0b1e5-3f8c-4da2-b7e5-e73b1a07957f",
    "color" : "#FFFFFF",
    "position" : {
      "x" : -13.708204,
      "y" : -22.18034,
      "z" : -8.472136
    },
    "orientation" : 35
  }, {
    "shape" : "fec0b1e5-3f8c-4da2-b7e5-e73b1a07957f",
    "color" : "#FFFFFF",
    "position" : {
      "x" : -13.708204,
      "y" : 22.18034,
      "z" : 8.472136
    },
    "orientation" : 33
  }, {
    "shape" : "ae5a79cd-360f-4917-a46e-c306117fed26",
    "color" : "#FFFFFF",
    "position" : {
      "x" : 6.854102,
      "y" : -24.798374,
      "z" : 9.472136
    },
    "orientation" : 53
  }, {
    "shape" : "bfe12c46-7a51-4d11-845f-794fc86be955",
    "color" : "#FFFFFF",
    "position" : {
      "x" : 13.708204,
      "y" : 8.472136,
      "z" : 22.18034
    }
  }, {
    "shape" : "2bd21aa4-2f00-4c29-a331-de3b622288a9",
    "color" : "#000000",
    "position" : {
      "x" : -24.798374,
      "y" : -4.236068,
      "z" : -6.854102
    },
    "orientation" : 34
  }, {
    "shape" : "fec0b1e5-3f8c-4da2-b7e5-e73b1a07957f",
    "color" : "#FFFFFF",
    "position" : {
      "x" : 27.416409,
      "y" : 0.0,
      "z" : 0.0
    },
    "orientation" : 16
  }, {
    "shape" : "635164ae-2847-43d3-a7ed-a2c4aa978353",
    "color" : "#3399FF",
    "position" : {
      "x" : -6.854102,
      "y" : 19.562305,
      "z" : 17.944271
    },
    "orientation" : 23
  }, {
    "shape" : "fec0b1e5-3f8c-4da2-b7e5-e73b1a07957f",
    "color" : "#FFFFFF",
    "position" : {
      "x" : -22.18034,
      "y" : 8.472136,
      "z" : -13.708204
    },
    "orientation" : 32
  }, {
    "shape" : "bfe12c46-7a51-4d11-845f-794fc86be955",
    "color" : "#FFFFFF",
    "position" : {
      "x" : 17.944271,
      "y" : -6.854102,
      "z" : 19.562305
    }
  }, {
    "shape" : "fec0b1e5-3f8c-4da2-b7e5-e73b1a07957f",
    "color" : "#FFFFFF",
    "position" : {
      "x" : -22.18034,
      "y" : 8.472136,
      "z" : -13.708204
    },
    "orientation" : 7
  }, {
    "shape" : "2bd21aa4-2f00-4c29-a331-de3b622288a9",
    "color" : "#000000",
    "position" : {
      "x" : 4.236068,
      "y" : -6.854102,
      "z" : 24.798374
    },
    "orientation" : 3
  }, {
    "shape" : "673374dd-d37e-4d8c-98e6-c94f33af387d",
    "color" : "#000000",
    "position" : {
      "x" : -17.944271,
      "y" : -15.326238,
      "z" : 11.09017
    },
    "orientation" : 25
  }, {
    "shape" : "fec0b1e5-3f8c-4da2-b7e5-e73b1a07957f",
    "color" : "#FFFFFF",
    "position" : {
      "x" : -13.708204,
      "y" : 22.18034,
      "z" : -8.472136
    },
    "orientation" : 39
  }, {
    "shape" : "fec0b1e5-3f8c-4da2-b7e5-e73b1a07957f",
    "color" : "#FFFFFF",
    "position" : {
      "x" : 13.708204,
      "y" : -22.18034,
      "z" : 8.472136
    },
    "orientation" : 38
  }, {
    "shape" : "2bd21aa4-2f00-4c29-a331-de3b622288a9",
    "color" : "#000000",
    "position" : {
      "x" : -4.236068,
      "y" : 6.854102,
      "z" : 24.798374
    },
    "orientation" : 33
  }, {
    "shape" : "fec0b1e5-3f8c-4da2-b7e5-e73b1a07957f",
    "color" : "#FFFFFF",
    "position" : {
      "x" : -8.472136,
      "y" : 13.708204,
      "z" : -22.18034
    },
    "orientation" : 9
  }, {
    "shape" : "bfe12c46-7a51-4d11-845f-794fc86be955",
    "color" : "#000000",
    "position" : {
      "x" : 0.0,
      "y" : -13.708204,
      "z" : -22.18034
    }
  }, {
    "shape" : "bfe12c46-7a51-4d11-845f-794fc86be955",
    "color" : "#FFFFFF",
    "position" : {
      "x" : 17.944271,
      "y" : 20.562305,
      "z" : -2.618034
    }
  }, {
    "shape" : "bfe12c46-7a51-4d11-845f-794fc86be955",
    "color" : "#FFFFFF",
    "position" : {
      "x" : 8.472136,
      "y" : -22.18034,
      "z" : 13.708204
    }
  }, {
    "shape" : "ae5a79cd-360f-4917-a46e-c306117fed26",
    "color" : "#FFFFFF",
    "position" : {
      "x" : 6.854102,
      "y" : -24.798374,
      "z" : -9.472136
    },
    "orientation" : 52
  }, {
    "shape" : "635164ae-2847-43d3-a7ed-a2c4aa978353",
    "color" : "#000000",
    "position" : {
      "x" : -6.854102,
      "y" : -24.798374,
      "z" : 4.236068
    },
    "orientation" : 47
  }, {
    "shape" : "673374dd-d37e-4d8c-98e6-c94f33af387d",
    "color" : "#000000",
    "position" : {
      "x" : 15.326238,
      "y" : -11.09017,
      "z" : 17.944271
    },
    "orientation" : 38
  }, {
    "shape" : "ae5a79cd-360f-4917-a46e-c306117fed26",
    "color" : "#FFFFFF",
    "position" : {
      "x" : 17.944271,
      "y" : -20.562305,
      "z" : 2.618034
    },
    "orientation" : 10
  }, {
    "shape" : "bfe12c46-7a51-4d11-845f-794fc86be955",
    "color" : "#FF3333",
    "position" : {
      "x" : -11.09017,
      "y" : -6.854102,
      "z" : 0.0
    }
  }, {
    "shape" : "fec0b1e5-3f8c-4da2-b7e5-e73b1a07957f",
    "color" : "#FFFFFF",
    "position" : {
      "x" : 22.18034,
      "y" : -8.472136,
      "z" : -13.708204
    },
    "orientation" : 56
  }, {
    "shape" : "bfe12c46-7a51-4d11-845f-794fc86be955",
